5.627214908599853516e-01
5.875265598297119141e-01
5.946137309074401855e-01
6.059532165527343750e-01
7.810063958168029785e-01
9.000708460807800293e-01
9.099929332733154297e-01
9.092841744422912598e-01
9.142451882362365723e-01
9.121190905570983887e-01
9.057406187057495117e-01
9.085754752159118652e-01
9.107016324996948242e-01
9.107016324996948242e-01
9.192062616348266602e-01
9.220411181449890137e-01
9.184975028038024902e-01
9.142451882362365723e-01
9.199149608612060547e-01
9.184975028038024902e-01
9.220411181449890137e-01
9.234585165977478027e-01
9.326718449592590332e-01
9.376328587532043457e-01
9.433026313781738281e-01
9.496811032295227051e-01
9.673990011215209961e-01
9.645641446113586426e-01
9.652728438377380371e-01
9.673990011215209961e-01
9.702338576316833496e-01
9.659816026687622070e-01
9.645641446113586426e-01
9.709426164627075195e-01
9.716513156890869141e-01
9.631466865539550781e-01
9.787384867668151855e-01
9.751948714256286621e-01
9.794471859931945801e-01
9.787384867668151855e-01
9.277108311653137207e-01
9.638554453849792480e-01
9.751948714256286621e-01
8.880226612091064453e-01
9.673990011215209961e-01
9.773210287094116211e-01
9.759036302566528320e-01
9.766123294830322266e-01
9.759036302566528320e-01
9.822820425033569336e-01
