7.669902912621359148e-01,7.600000000000000089e-01,1.000000000000000000e+00
7.700562084823709963e-01,4.000000000000000222e-01,1.000000000000000000e+00
7.644353602452733654e-01,3.200000000000000067e-01,1.000000000000000000e+00
6.453755748594788288e-01,2.399999999999999911e-01,1.000000000000000000e+00
6.162493612672458321e-01,1.600000000000000033e-01,4.000000000000000000e+00
5.733265201839550240e-01,8.000000000000000167e-02,4.000000000000000000e+00
5.263157894736841813e-01,0.000000000000000000e+00,4.000000000000000000e+00
5.314256515074092801e-01,8.000000000000000167e-02,4.000000000000000000e+00
5.426673479816045420e-01,3.200000000000000067e-01,2.000000000000000000e+00
5.007664793050587981e-01,4.000000000000000083e-02,4.000000000000000000e+00
3.924374041900868804e-01,3.599999999999999867e-01,2.000000000000000000e+00
3.326520183955033461e-01,4.000000000000000222e-01,2.000000000000000000e+00
3.893714869698517989e-01,8.399999999999999689e-01,3.000000000000000000e+00
4.634644864588656210e-01,5.200000000000000178e-01,2.000000000000000000e+00
4.813490035769034114e-01,4.400000000000000022e-01,2.000000000000000000e+00
4.803270311701584028e-01,4.000000000000000222e-01,2.000000000000000000e+00
4.854368932038835016e-01,5.200000000000000178e-01,2.000000000000000000e+00
4.951456310679611672e-01,4.000000000000000222e-01,2.000000000000000000e+00
4.885028104241185276e-01,4.400000000000000022e-01,2.000000000000000000e+00
4.767501277465508447e-01,4.400000000000000022e-01,2.000000000000000000e+00
4.977005620848237166e-01,3.599999999999999867e-01,2.000000000000000000e+00
5.028104241185488155e-01,4.799999999999999822e-01,2.000000000000000000e+00
5.125191619826264811e-01,7.199999999999999734e-01,3.000000000000000000e+00
5.068983137455288501e-01,8.399999999999999689e-01,3.000000000000000000e+00
4.874808380173735189e-01,6.800000000000000488e-01,3.000000000000000000e+00
3.990802248339294644e-01,6.800000000000000488e-01,3.000000000000000000e+00
3.750638732754215665e-01,8.399999999999999689e-01,3.000000000000000000e+00
3.817066939192642061e-01,6.800000000000000488e-01,3.000000000000000000e+00
4.455799693408277751e-01,7.600000000000000089e-01,3.000000000000000000e+00
4.787940725600408620e-01,6.400000000000000133e-01,3.000000000000000000e+00
4.639754726622380976e-01,5.999999999999999778e-01,3.000000000000000000e+00
4.782830863566683854e-01,6.400000000000000133e-01,3.000000000000000000e+00
4.563106796116505048e-01,1.600000000000000033e-01,2.000000000000000000e+00
4.317833418497700748e-01,1.199999999999999956e-01,2.000000000000000000e+00
4.343382728666326242e-01,1.600000000000000033e-01,2.000000000000000000e+00
4.169647419519673104e-01,3.200000000000000067e-01,2.000000000000000000e+00
4.159427695452223017e-01,4.000000000000000222e-01,2.000000000000000000e+00
4.251405212059274352e-01,4.000000000000000222e-01,2.000000000000000000e+00
4.353602452733776329e-01,3.200000000000000067e-01,2.000000000000000000e+00
4.343382728666326242e-01,8.000000000000000167e-02,4.000000000000000000e+00
4.312723556463975427e-01,4.799999999999999822e-01,2.000000000000000000e+00
4.348492590700051008e-01,3.200000000000000067e-01,2.000000000000000000e+00
4.982115482881961932e-01,5.999999999999999778e-01,3.000000000000000000e+00
5.186509964230965331e-01,7.600000000000000089e-01,3.000000000000000000e+00
5.513541134389371434e-01,3.599999999999999867e-01,2.000000000000000000e+00
5.947879407256003725e-01,0.000000000000000000e+00,4.000000000000000000e+00
5.907000510986203379e-01,0.000000000000000000e+00,4.000000000000000000e+00
5.866121614716403032e-01,0.000000000000000000e+00,4.000000000000000000e+00
5.753704649974450414e-01,4.000000000000000083e-02,4.000000000000000000e+00
5.799693408277976081e-01,1.199999999999999956e-01,4.000000000000000000e+00
5.804803270311701402e-01,4.000000000000000083e-02,4.000000000000000000e+00
5.661727133367399079e-01,4.000000000000000083e-02,4.000000000000000000e+00
3.965252938170669150e-01,0.000000000000000000e+00,4.000000000000000000e+00
4.772611139499233768e-01,2.000000000000000111e-01,2.000000000000000000e+00
6.101175268267756691e-01,4.400000000000000022e-01,1.000000000000000000e+00
6.423096576392437473e-01,3.599999999999999867e-01,1.000000000000000000e+00
6.724578436382218083e-01,8.000000000000000167e-02,4.000000000000000000e+00
6.106285130301482011e-01,1.600000000000000033e-01,4.000000000000000000e+00
5.631067961165048263e-01,5.200000000000000178e-01,1.000000000000000000e+00
5.518650996423096755e-01,8.000000000000000167e-02,4.000000000000000000e+00
5.365355135411343790e-01,4.000000000000000083e-02,4.000000000000000000e+00
5.401124169647419926e-01,1.600000000000000033e-01,2.000000000000000000e+00
5.631067961165048263e-01,2.399999999999999911e-01,2.000000000000000000e+00
5.901890648952478058e-01,0.000000000000000000e+00,4.000000000000000000e+00
6.131834440470107506e-01,8.000000000000000167e-02,4.000000000000000000e+00
6.218702095043433520e-01,4.000000000000000083e-02,4.000000000000000000e+00
6.361778231987735843e-01,0.000000000000000000e+00,4.000000000000000000e+00
6.581502299437914649e-01,8.000000000000000167e-02,4.000000000000000000e+00
6.555952989269290265e-01,4.000000000000000222e-01,1.000000000000000000e+00
5.850792028615227069e-01,4.000000000000000083e-02,4.000000000000000000e+00
5.508431272355646113e-01,0.000000000000000000e+00,4.000000000000000000e+00
5.074092999489013822e-01,0.000000000000000000e+00,4.000000000000000000e+00
4.803270311701584028e-01,0.000000000000000000e+00,4.000000000000000000e+00
4.557996934082779728e-01,0.000000000000000000e+00,4.000000000000000000e+00
4.312723556463975427e-01,0.000000000000000000e+00,4.000000000000000000e+00
4.123658661216147436e-01,0.000000000000000000e+00,4.000000000000000000e+00
4.001021972406745286e-01,0.000000000000000000e+00,4.000000000000000000e+00
3.842616249361267000e-01,0.000000000000000000e+00,4.000000000000000000e+00
3.709759836484414763e-01,0.000000000000000000e+00,4.000000000000000000e+00
3.602452733776188021e-01,0.000000000000000000e+00,4.000000000000000000e+00
3.495145631067961278e-01,0.000000000000000000e+00,4.000000000000000000e+00
3.387838528359734536e-01,0.000000000000000000e+00,4.000000000000000000e+00
3.275421563617782472e-01,0.000000000000000000e+00,4.000000000000000000e+00
3.132345426673479594e-01,0.000000000000000000e+00,4.000000000000000000e+00
3.050587634133878345e-01,0.000000000000000000e+00,4.000000000000000000e+00
2.994379151762902591e-01,0.000000000000000000e+00,0.000000000000000000e+00
2.902401635155850701e-01,0.000000000000000000e+00,0.000000000000000000e+00
2.856412876852325033e-01,0.000000000000000000e+00,0.000000000000000000e+00
2.810424118548799366e-01,0.000000000000000000e+00,0.000000000000000000e+00
2.754215636177823057e-01,0.000000000000000000e+00,0.000000000000000000e+00
2.728666326009197562e-01,0.000000000000000000e+00,0.000000000000000000e+00
2.677567705671947129e-01,0.000000000000000000e+00,0.000000000000000000e+00
2.672457843638221808e-01,0.000000000000000000e+00,0.000000000000000000e+00
2.631578947368420907e-01,0.000000000000000000e+00,0.000000000000000000e+00
2.606029637199795412e-01,0.000000000000000000e+00,0.000000000000000000e+00
2.585590189064895239e-01,0.000000000000000000e+00,0.000000000000000000e+00
2.600919775166070647e-01,0.000000000000000000e+00,0.000000000000000000e+00
2.539601430761369572e-01,0.000000000000000000e+00,0.000000000000000000e+00
2.534491568727644251e-01,0.000000000000000000e+00,0.000000000000000000e+00
2.503832396525293991e-01,0.000000000000000000e+00,0.000000000000000000e+00
2.503832396525293991e-01,0.000000000000000000e+00,0.000000000000000000e+00
2.498722534491568670e-01,0.000000000000000000e+00,0.000000000000000000e+00
2.498722534491568670e-01,0.000000000000000000e+00,0.000000000000000000e+00
2.488502810424118583e-01,0.000000000000000000e+00,0.000000000000000000e+00
2.519161982626468843e-01,8.000000000000000167e-02,2.000000000000000000e+00
2.585590189064895239e-01,3.200000000000000067e-01,2.000000000000000000e+00
2.636688809402146227e-01,3.200000000000000067e-01,2.000000000000000000e+00
2.606029637199795412e-01,0.000000000000000000e+00,0.000000000000000000e+00
2.611139499233520733e-01,0.000000000000000000e+00,0.000000000000000000e+00
2.616249361267246054e-01,0.000000000000000000e+00,0.000000000000000000e+00
2.616249361267246054e-01,0.000000000000000000e+00,0.000000000000000000e+00
2.621359223300970820e-01,0.000000000000000000e+00,0.000000000000000000e+00
2.626469085334696141e-01,0.000000000000000000e+00,0.000000000000000000e+00
2.657128257537046401e-01,0.000000000000000000e+00,0.000000000000000000e+00
2.657128257537046401e-01,0.000000000000000000e+00,0.000000000000000000e+00
2.657128257537046401e-01,0.000000000000000000e+00,0.000000000000000000e+00
2.672457843638221808e-01,0.000000000000000000e+00,0.000000000000000000e+00
2.641798671435870993e-01,0.000000000000000000e+00,0.000000000000000000e+00
2.636688809402146227e-01,0.000000000000000000e+00,0.000000000000000000e+00
2.636688809402146227e-01,0.000000000000000000e+00,0.000000000000000000e+00
2.606029637199795412e-01,0.000000000000000000e+00,0.000000000000000000e+00
2.611139499233520733e-01,0.000000000000000000e+00,0.000000000000000000e+00
2.611139499233520733e-01,0.000000000000000000e+00,0.000000000000000000e+00
2.616249361267246054e-01,0.000000000000000000e+00,0.000000000000000000e+00
2.600919775166070647e-01,0.000000000000000000e+00,0.000000000000000000e+00
2.585590189064895239e-01,0.000000000000000000e+00,0.000000000000000000e+00
2.570260602963719831e-01,0.000000000000000000e+00,0.000000000000000000e+00
2.580480327031169918e-01,0.000000000000000000e+00,0.000000000000000000e+00
2.560040878896269745e-01,0.000000000000000000e+00,0.000000000000000000e+00
2.580480327031169918e-01,0.000000000000000000e+00,0.000000000000000000e+00
2.595809913132345326e-01,0.000000000000000000e+00,0.000000000000000000e+00
2.544711292795094337e-01,0.000000000000000000e+00,0.000000000000000000e+00
2.570260602963719831e-01,0.000000000000000000e+00,0.000000000000000000e+00
2.549821154828819658e-01,0.000000000000000000e+00,0.000000000000000000e+00
2.544711292795094337e-01,0.000000000000000000e+00,0.000000000000000000e+00
2.549821154828819658e-01,0.000000000000000000e+00,0.000000000000000000e+00
2.544711292795094337e-01,0.000000000000000000e+00,0.000000000000000000e+00
2.554931016862544979e-01,0.000000000000000000e+00,0.000000000000000000e+00
2.549821154828819658e-01,0.000000000000000000e+00,0.000000000000000000e+00
2.539601430761369572e-01,0.000000000000000000e+00,0.000000000000000000e+00
2.503832396525293991e-01,0.000000000000000000e+00,0.000000000000000000e+00
2.503832396525293991e-01,0.000000000000000000e+00,0.000000000000000000e+00
2.498722534491568670e-01,0.000000000000000000e+00,0.000000000000000000e+00
2.503832396525293991e-01,0.000000000000000000e+00,0.000000000000000000e+00
2.524271844660194164e-01,0.000000000000000000e+00,0.000000000000000000e+00
2.488502810424118583e-01,0.000000000000000000e+00,0.000000000000000000e+00
2.478283086356668496e-01,0.000000000000000000e+00,0.000000000000000000e+00
2.483392948390393540e-01,0.000000000000000000e+00,0.000000000000000000e+00
2.473173224322943176e-01,0.000000000000000000e+00,0.000000000000000000e+00
2.483392948390393540e-01,0.000000000000000000e+00,0.000000000000000000e+00
2.462953500255493089e-01,0.000000000000000000e+00,0.000000000000000000e+00
2.462953500255493089e-01,0.000000000000000000e+00,0.000000000000000000e+00
2.437404190086867595e-01,0.000000000000000000e+00,0.000000000000000000e+00
2.422074603985692465e-01,0.000000000000000000e+00,0.000000000000000000e+00
2.422074603985692465e-01,0.000000000000000000e+00,0.000000000000000000e+00
2.422074603985692465e-01,0.000000000000000000e+00,0.000000000000000000e+00
2.427184466019417508e-01,0.000000000000000000e+00,0.000000000000000000e+00
2.401635155850792014e-01,0.000000000000000000e+00,0.000000000000000000e+00
2.406745017884517057e-01,0.000000000000000000e+00,0.000000000000000000e+00
2.401635155850792014e-01,0.000000000000000000e+00,0.000000000000000000e+00
2.406745017884517057e-01,0.000000000000000000e+00,0.000000000000000000e+00
2.406745017884517057e-01,0.000000000000000000e+00,0.000000000000000000e+00
2.376085845682166520e-01,0.000000000000000000e+00,0.000000000000000000e+00
2.386305569749616884e-01,0.000000000000000000e+00,0.000000000000000000e+00
2.406745017884517057e-01,0.000000000000000000e+00,0.000000000000000000e+00
2.416964741951967421e-01,0.000000000000000000e+00,0.000000000000000000e+00
2.427184466019417508e-01,0.000000000000000000e+00,0.000000000000000000e+00
2.391415431783341927e-01,0.000000000000000000e+00,0.000000000000000000e+00
2.411854879918242101e-01,0.000000000000000000e+00,0.000000000000000000e+00
2.396525293817066971e-01,0.000000000000000000e+00,0.000000000000000000e+00
2.406745017884517057e-01,0.000000000000000000e+00,0.000000000000000000e+00
2.396525293817066971e-01,0.000000000000000000e+00,0.000000000000000000e+00
2.406745017884517057e-01,0.000000000000000000e+00,0.000000000000000000e+00
2.401635155850792014e-01,0.000000000000000000e+00,0.000000000000000000e+00
2.391415431783341927e-01,0.000000000000000000e+00,0.000000000000000000e+00
2.370975983648441476e-01,0.000000000000000000e+00,0.000000000000000000e+00
2.386305569749616884e-01,0.000000000000000000e+00,0.000000000000000000e+00
2.365866121614716433e-01,0.000000000000000000e+00,0.000000000000000000e+00
2.406745017884517057e-01,0.000000000000000000e+00,0.000000000000000000e+00
2.386305569749616884e-01,0.000000000000000000e+00,0.000000000000000000e+00
2.386305569749616884e-01,0.000000000000000000e+00,0.000000000000000000e+00
2.406745017884517057e-01,0.000000000000000000e+00,0.000000000000000000e+00
2.381195707715891563e-01,0.000000000000000000e+00,0.000000000000000000e+00
2.396525293817066971e-01,0.000000000000000000e+00,0.000000000000000000e+00
2.411854879918242101e-01,0.000000000000000000e+00,0.000000000000000000e+00
2.355646397547266346e-01,0.000000000000000000e+00,0.000000000000000000e+00
2.355646397547266346e-01,0.000000000000000000e+00,0.000000000000000000e+00
2.350536535513541025e-01,0.000000000000000000e+00,0.000000000000000000e+00
2.350536535513541025e-01,0.000000000000000000e+00,0.000000000000000000e+00
2.340316811446090939e-01,0.000000000000000000e+00,0.000000000000000000e+00
2.360756259580991390e-01,0.000000000000000000e+00,0.000000000000000000e+00
2.350536535513541025e-01,0.000000000000000000e+00,0.000000000000000000e+00
2.335206949412365895e-01,0.000000000000000000e+00,0.000000000000000000e+00
2.350536535513541025e-01,0.000000000000000000e+00,0.000000000000000000e+00
2.370975983648441476e-01,0.000000000000000000e+00,0.000000000000000000e+00
2.324987225344915809e-01,0.000000000000000000e+00,0.000000000000000000e+00
2.340316811446090939e-01,0.000000000000000000e+00,0.000000000000000000e+00
2.370975983648441476e-01,0.000000000000000000e+00,0.000000000000000000e+00
2.381195707715891563e-01,0.000000000000000000e+00,0.000000000000000000e+00
2.350536535513541025e-01,0.000000000000000000e+00,0.000000000000000000e+00
2.330097087378640852e-01,0.000000000000000000e+00,0.000000000000000000e+00
2.340316811446090939e-01,0.000000000000000000e+00,0.000000000000000000e+00
2.324987225344915809e-01,0.000000000000000000e+00,0.000000000000000000e+00
2.324987225344915809e-01,0.000000000000000000e+00,0.000000000000000000e+00
2.330097087378640852e-01,0.000000000000000000e+00,0.000000000000000000e+00
2.330097087378640852e-01,0.000000000000000000e+00,0.000000000000000000e+00
2.330097087378640852e-01,0.000000000000000000e+00,0.000000000000000000e+00
2.314767501277465445e-01,0.000000000000000000e+00,0.000000000000000000e+00
2.324987225344915809e-01,0.000000000000000000e+00,0.000000000000000000e+00
2.335206949412365895e-01,0.000000000000000000e+00,0.000000000000000000e+00
2.330097087378640852e-01,0.000000000000000000e+00,0.000000000000000000e+00
2.330097087378640852e-01,0.000000000000000000e+00,0.000000000000000000e+00
2.304547777210015358e-01,0.000000000000000000e+00,0.000000000000000000e+00
2.324987225344915809e-01,0.000000000000000000e+00,0.000000000000000000e+00
2.319877363311190488e-01,0.000000000000000000e+00,0.000000000000000000e+00
2.314767501277465445e-01,0.000000000000000000e+00,0.000000000000000000e+00
2.299437915176290315e-01,0.000000000000000000e+00,0.000000000000000000e+00
2.309657639243740401e-01,0.000000000000000000e+00,0.000000000000000000e+00
2.309657639243740401e-01,0.000000000000000000e+00,0.000000000000000000e+00
2.309657639243740401e-01,0.000000000000000000e+00,0.000000000000000000e+00
2.319877363311190488e-01,0.000000000000000000e+00,0.000000000000000000e+00
2.314767501277465445e-01,0.000000000000000000e+00,0.000000000000000000e+00
2.299437915176290315e-01,0.000000000000000000e+00,0.000000000000000000e+00
2.304547777210015358e-01,0.000000000000000000e+00,0.000000000000000000e+00
2.294328053142565271e-01,0.000000000000000000e+00,0.000000000000000000e+00
2.289218191108839950e-01,0.000000000000000000e+00,0.000000000000000000e+00
2.289218191108839950e-01,0.000000000000000000e+00,0.000000000000000000e+00
2.304547777210015358e-01,0.000000000000000000e+00,0.000000000000000000e+00
2.284108329075114907e-01,0.000000000000000000e+00,0.000000000000000000e+00
2.294328053142565271e-01,0.000000000000000000e+00,0.000000000000000000e+00
2.284108329075114907e-01,0.000000000000000000e+00,0.000000000000000000e+00
2.299437915176290315e-01,0.000000000000000000e+00,0.000000000000000000e+00
2.284108329075114907e-01,0.000000000000000000e+00,0.000000000000000000e+00
2.273888605007664820e-01,0.000000000000000000e+00,0.000000000000000000e+00
2.263668880940214734e-01,0.000000000000000000e+00,0.000000000000000000e+00
2.273888605007664820e-01,0.000000000000000000e+00,0.000000000000000000e+00
2.268778742973939777e-01,0.000000000000000000e+00,0.000000000000000000e+00
2.299437915176290315e-01,0.000000000000000000e+00,0.000000000000000000e+00
2.258559018906489413e-01,0.000000000000000000e+00,0.000000000000000000e+00
2.268778742973939777e-01,0.000000000000000000e+00,0.000000000000000000e+00
2.258559018906489413e-01,0.000000000000000000e+00,0.000000000000000000e+00
2.248339294839039326e-01,0.000000000000000000e+00,0.000000000000000000e+00
2.253449156872764370e-01,0.000000000000000000e+00,0.000000000000000000e+00
2.233009708737864196e-01,0.000000000000000000e+00,0.000000000000000000e+00
2.233009708737864196e-01,0.000000000000000000e+00,0.000000000000000000e+00
2.258559018906489413e-01,0.000000000000000000e+00,0.000000000000000000e+00
2.248339294839039326e-01,0.000000000000000000e+00,0.000000000000000000e+00
2.278998467041389864e-01,0.000000000000000000e+00,0.000000000000000000e+00
2.299437915176290315e-01,0.000000000000000000e+00,0.000000000000000000e+00
2.289218191108839950e-01,0.000000000000000000e+00,0.000000000000000000e+00
2.273888605007664820e-01,0.000000000000000000e+00,0.000000000000000000e+00
2.294328053142565271e-01,0.000000000000000000e+00,0.000000000000000000e+00
2.289218191108839950e-01,0.000000000000000000e+00,0.000000000000000000e+00
2.268778742973939777e-01,0.000000000000000000e+00,0.000000000000000000e+00
2.263668880940214734e-01,0.000000000000000000e+00,0.000000000000000000e+00
2.238119570771589240e-01,0.000000000000000000e+00,0.000000000000000000e+00
2.248339294839039326e-01,0.000000000000000000e+00,0.000000000000000000e+00
2.273888605007664820e-01,0.000000000000000000e+00,0.000000000000000000e+00
2.273888605007664820e-01,1.199999999999999956e-01,2.000000000000000000e+00
3.050587634133878345e-01,5.999999999999999778e-01,3.000000000000000000e+00
3.735309146653040258e-01,6.800000000000000488e-01,3.000000000000000000e+00
4.210526315789473450e-01,4.799999999999999822e-01,2.000000000000000000e+00
4.322943280531425514e-01,5.200000000000000178e-01,2.000000000000000000e+00
4.445579969340827664e-01,5.600000000000000533e-01,3.000000000000000000e+00
4.353602452733776329e-01,7.199999999999999734e-01,3.000000000000000000e+00
4.368932038834951181e-01,4.799999999999999822e-01,2.000000000000000000e+00
5.094532447623913995e-01,5.999999999999999778e-01,3.000000000000000000e+00
5.728155339805824919e-01,7.199999999999999734e-01,3.000000000000000000e+00
5.845682166581501749e-01,8.800000000000000044e-01,3.000000000000000000e+00
5.958099131323454367e-01,5.600000000000000533e-01,1.000000000000000000e+00
6.714358712314767441e-01,5.999999999999999778e-01,1.000000000000000000e+00
7.327542156361778192e-01,5.999999999999999778e-01,1.000000000000000000e+00
7.496167603474706009e-01,5.600000000000000533e-01,1.000000000000000000e+00
7.945835462442514263e-01,5.600000000000000533e-01,1.000000000000000000e+00
8.497700562084823384e-01,1.199999999999999956e-01,1.000000000000000000e+00
8.696985181400102016e-01,1.199999999999999956e-01,1.000000000000000000e+00
9.090444557996933961e-01,0.000000000000000000e+00,4.000000000000000000e+00
9.407256004087889423e-01,2.000000000000000111e-01,1.000000000000000000e+00
9.504343382728666079e-01,2.800000000000000266e-01,1.000000000000000000e+00
9.770056208482370552e-01,2.399999999999999911e-01,1.000000000000000000e+00
1.000000000000000000e+00,1.600000000000000033e-01,1.000000000000000000e+00
9.739397036280020847e-01,8.000000000000000444e-01,1.000000000000000000e+00
7.889626980071537954e-01,3.200000000000000067e-01,1.000000000000000000e+00
6.361778231987735843e-01,5.999999999999999778e-01,1.000000000000000000e+00
5.656617271333673758e-01,3.200000000000000067e-01,2.000000000000000000e+00
5.569749616760347743e-01,5.600000000000000533e-01,1.000000000000000000e+00
5.692386305569749894e-01,8.000000000000000167e-02,4.000000000000000000e+00
5.544200306591722249e-01,3.599999999999999867e-01,2.000000000000000000e+00
5.416453755748594778e-01,3.200000000000000067e-01,2.000000000000000000e+00
5.559529892692897102e-01,2.399999999999999911e-01,2.000000000000000000e+00
6.203372508942258667e-01,1.199999999999999956e-01,4.000000000000000000e+00
5.723045477772099598e-01,3.200000000000000067e-01,2.000000000000000000e+00
5.942769545222279515e-01,4.400000000000000022e-01,1.000000000000000000e+00
6.550843127235564944e-01,6.800000000000000488e-01,1.000000000000000000e+00
6.903423607562595432e-01,1.199999999999999956e-01,4.000000000000000000e+00
6.780786918753193282e-01,0.000000000000000000e+00,4.000000000000000000e+00
6.617271333673990785e-01,0.000000000000000000e+00,4.000000000000000000e+00
6.489524782830863314e-01,0.000000000000000000e+00,4.000000000000000000e+00
6.397547266223811979e-01,0.000000000000000000e+00,4.000000000000000000e+00
6.280020439448135150e-01,4.000000000000000083e-02,4.000000000000000000e+00
5.963208993357179688e-01,8.000000000000000167e-02,4.000000000000000000e+00
4.092999489013796621e-01,5.600000000000000533e-01,3.000000000000000000e+00
2.994379151762902591e-01,2.800000000000000266e-01,2.000000000000000000e+00
3.244762391415431657e-01,3.599999999999999867e-01,2.000000000000000000e+00
3.188553909044455903e-01,3.200000000000000067e-01,2.000000000000000000e+00
2.933060807358201516e-01,4.400000000000000022e-01,2.000000000000000000e+00
2.779764946346448551e-01,0.000000000000000000e+00,0.000000000000000000e+00
3.234542667347981570e-01,2.399999999999999911e-01,2.000000000000000000e+00
3.607562595809913342e-01,4.400000000000000022e-01,2.000000000000000000e+00
3.919264179867143483e-01,4.799999999999999822e-01,2.000000000000000000e+00
4.338272866632600921e-01,1.199999999999999956e-01,2.000000000000000000e+00
4.614205416453755482e-01,5.200000000000000178e-01,2.000000000000000000e+00
5.222278998467041466e-01,5.200000000000000178e-01,2.000000000000000000e+00
5.687276443536024573e-01,2.000000000000000111e-01,2.000000000000000000e+00
5.968318855390903899e-01,8.000000000000000167e-02,4.000000000000000000e+00
6.729688298415942294e-01,5.999999999999999778e-01,1.000000000000000000e+00
6.944302503832396889e-01,3.200000000000000067e-01,1.000000000000000000e+00
7.276443536024527203e-01,4.400000000000000022e-01,1.000000000000000000e+00
7.884517118037812633e-01,4.000000000000000222e-01,1.000000000000000000e+00
8.175779253960142601e-01,3.200000000000000067e-01,1.000000000000000000e+00
8.921819110884006143e-01,4.400000000000000022e-01,1.000000000000000000e+00
9.734287174246295526e-01,3.200000000000000067e-01,1.000000000000000000e+00
9.943791517629023691e-01,0.000000000000000000e+00,4.000000000000000000e+00
9.606540623403168055e-01,0.000000000000000000e+00,4.000000000000000000e+00
9.228410832907510963e-01,0.000000000000000000e+00,4.000000000000000000e+00
9.039345937659682972e-01,0.000000000000000000e+00,4.000000000000000000e+00
8.983137455288706663e-01,0.000000000000000000e+00,4.000000000000000000e+00
8.875830352580480476e-01,0.000000000000000000e+00,4.000000000000000000e+00
8.845171180378129661e-01,0.000000000000000000e+00,4.000000000000000000e+00
8.809402146142054635e-01,0.000000000000000000e+00,4.000000000000000000e+00
8.717424629535002190e-01,0.000000000000000000e+00,4.000000000000000000e+00
8.599897802759325360e-01,0.000000000000000000e+00,4.000000000000000000e+00
8.594787940725600039e-01,0.000000000000000000e+00,4.000000000000000000e+00
4.445579969340827664e-01,5.600000000000000533e-01,3.000000000000000000e+00
4.486458865610628566e-01,2.800000000000000266e-01,2.000000000000000000e+00
3.127235564639754828e-01,4.400000000000000022e-01,2.000000000000000000e+00
2.815533980582524132e-01,2.800000000000000266e-01,2.000000000000000000e+00
2.897291773122125935e-01,2.000000000000000111e-01,2.000000000000000000e+00
2.692897291773121982e-01,8.000000000000000167e-02,2.000000000000000000e+00
2.733776188042922883e-01,4.000000000000000083e-02,0.000000000000000000e+00
3.244762391415431657e-01,4.000000000000000083e-02,4.000000000000000000e+00
3.541134389371486946e-01,1.199999999999999956e-01,2.000000000000000000e+00
3.239652529381706891e-01,6.400000000000000133e-01,3.000000000000000000e+00
2.917731221257026109e-01,3.599999999999999867e-01,2.000000000000000000e+00
3.352069494123658400e-01,5.999999999999999778e-01,3.000000000000000000e+00
4.225855901890648858e-01,3.599999999999999867e-01,2.000000000000000000e+00
4.220746039856924092e-01,5.200000000000000178e-01,2.000000000000000000e+00
3.321410321921308140e-01,4.400000000000000022e-01,2.000000000000000000e+00
2.968829841594277097e-01,4.400000000000000022e-01,2.000000000000000000e+00
3.081246806336229160e-01,1.000000000000000000e+00,3.000000000000000000e+00
3.224322943280531484e-01,1.600000000000000033e-01,2.000000000000000000e+00
2.493612672457843626e-01,4.000000000000000222e-01,2.000000000000000000e+00
2.493612672457843626e-01,0.000000000000000000e+00,0.000000000000000000e+00
2.743995912110372970e-01,0.000000000000000000e+00,0.000000000000000000e+00
2.749105774144098291e-01,0.000000000000000000e+00,0.000000000000000000e+00
2.754215636177823057e-01,0.000000000000000000e+00,0.000000000000000000e+00
2.759325498211548378e-01,0.000000000000000000e+00,0.000000000000000000e+00
2.677567705671947129e-01,0.000000000000000000e+00,0.000000000000000000e+00
2.692897291773121982e-01,0.000000000000000000e+00,0.000000000000000000e+00
2.636688809402146227e-01,0.000000000000000000e+00,0.000000000000000000e+00
2.575370464997445152e-01,0.000000000000000000e+00,0.000000000000000000e+00
2.534491568727644251e-01,0.000000000000000000e+00,0.000000000000000000e+00
2.498722534491568670e-01,0.000000000000000000e+00,0.000000000000000000e+00
2.447623914154317959e-01,0.000000000000000000e+00,0.000000000000000000e+00
2.442514052120592638e-01,0.000000000000000000e+00,0.000000000000000000e+00
2.401635155850792014e-01,0.000000000000000000e+00,0.000000000000000000e+00
2.396525293817066971e-01,0.000000000000000000e+00,0.000000000000000000e+00
2.396525293817066971e-01,0.000000000000000000e+00,0.000000000000000000e+00
2.370975983648441476e-01,0.000000000000000000e+00,0.000000000000000000e+00
2.324987225344915809e-01,4.400000000000000022e-01,2.000000000000000000e+00
2.432294328053142551e-01,4.000000000000000083e-02,0.000000000000000000e+00
2.478283086356668496e-01,0.000000000000000000e+00,0.000000000000000000e+00
2.457843638221768046e-01,0.000000000000000000e+00,0.000000000000000000e+00
2.447623914154317959e-01,0.000000000000000000e+00,0.000000000000000000e+00
2.437404190086867595e-01,0.000000000000000000e+00,0.000000000000000000e+00
2.406745017884517057e-01,0.000000000000000000e+00,0.000000000000000000e+00
2.381195707715891563e-01,0.000000000000000000e+00,0.000000000000000000e+00
2.355646397547266346e-01,0.000000000000000000e+00,0.000000000000000000e+00
2.314767501277465445e-01,0.000000000000000000e+00,0.000000000000000000e+00
2.319877363311190488e-01,0.000000000000000000e+00,0.000000000000000000e+00
2.309657639243740401e-01,0.000000000000000000e+00,0.000000000000000000e+00
2.324987225344915809e-01,3.599999999999999867e-01,2.000000000000000000e+00
2.304547777210015358e-01,0.000000000000000000e+00,0.000000000000000000e+00
2.299437915176290315e-01,0.000000000000000000e+00,0.000000000000000000e+00
2.278998467041389864e-01,0.000000000000000000e+00,0.000000000000000000e+00
2.294328053142565271e-01,0.000000000000000000e+00,0.000000000000000000e+00
2.278998467041389864e-01,0.000000000000000000e+00,0.000000000000000000e+00
2.294328053142565271e-01,0.000000000000000000e+00,0.000000000000000000e+00
2.273888605007664820e-01,0.000000000000000000e+00,0.000000000000000000e+00
2.273888605007664820e-01,0.000000000000000000e+00,0.000000000000000000e+00
2.284108329075114907e-01,0.000000000000000000e+00,0.000000000000000000e+00
2.268778742973939777e-01,0.000000000000000000e+00,0.000000000000000000e+00
2.268778742973939777e-01,0.000000000000000000e+00,0.000000000000000000e+00
2.238119570771589240e-01,0.000000000000000000e+00,0.000000000000000000e+00
2.263668880940214734e-01,0.000000000000000000e+00,0.000000000000000000e+00
2.263668880940214734e-01,0.000000000000000000e+00,0.000000000000000000e+00
2.284108329075114907e-01,0.000000000000000000e+00,0.000000000000000000e+00
2.268778742973939777e-01,0.000000000000000000e+00,0.000000000000000000e+00
2.248339294839039326e-01,0.000000000000000000e+00,0.000000000000000000e+00
2.268778742973939777e-01,0.000000000000000000e+00,0.000000000000000000e+00
2.253449156872764370e-01,0.000000000000000000e+00,0.000000000000000000e+00
2.258559018906489413e-01,0.000000000000000000e+00,0.000000000000000000e+00
2.248339294839039326e-01,0.000000000000000000e+00,0.000000000000000000e+00
2.233009708737864196e-01,0.000000000000000000e+00,0.000000000000000000e+00
2.268778742973939777e-01,0.000000000000000000e+00,0.000000000000000000e+00
2.238119570771589240e-01,0.000000000000000000e+00,0.000000000000000000e+00
2.253449156872764370e-01,0.000000000000000000e+00,0.000000000000000000e+00
2.253449156872764370e-01,0.000000000000000000e+00,0.000000000000000000e+00
2.253449156872764370e-01,0.000000000000000000e+00,0.000000000000000000e+00
2.227899846704138875e-01,0.000000000000000000e+00,0.000000000000000000e+00
2.207460398569238702e-01,0.000000000000000000e+00,0.000000000000000000e+00
2.238119570771589240e-01,0.000000000000000000e+00,0.000000000000000000e+00
2.248339294839039326e-01,0.000000000000000000e+00,0.000000000000000000e+00
2.258559018906489413e-01,0.000000000000000000e+00,0.000000000000000000e+00
2.258559018906489413e-01,0.000000000000000000e+00,0.000000000000000000e+00
2.284108329075114907e-01,0.000000000000000000e+00,0.000000000000000000e+00
2.294328053142565271e-01,0.000000000000000000e+00,0.000000000000000000e+00
2.273888605007664820e-01,0.000000000000000000e+00,0.000000000000000000e+00
2.284108329075114907e-01,0.000000000000000000e+00,0.000000000000000000e+00
2.284108329075114907e-01,0.000000000000000000e+00,0.000000000000000000e+00
2.278998467041389864e-01,0.000000000000000000e+00,0.000000000000000000e+00
2.273888605007664820e-01,0.000000000000000000e+00,0.000000000000000000e+00
2.284108329075114907e-01,0.000000000000000000e+00,0.000000000000000000e+00
2.289218191108839950e-01,0.000000000000000000e+00,0.000000000000000000e+00
2.268778742973939777e-01,0.000000000000000000e+00,0.000000000000000000e+00
2.243229432805314283e-01,0.000000000000000000e+00,0.000000000000000000e+00
2.227899846704138875e-01,0.000000000000000000e+00,0.000000000000000000e+00
2.233009708737864196e-01,0.000000000000000000e+00,0.000000000000000000e+00
2.238119570771589240e-01,0.000000000000000000e+00,0.000000000000000000e+00
2.248339294839039326e-01,0.000000000000000000e+00,0.000000000000000000e+00
2.243229432805314283e-01,0.000000000000000000e+00,0.000000000000000000e+00
2.227899846704138875e-01,0.000000000000000000e+00,0.000000000000000000e+00
2.207460398569238702e-01,0.000000000000000000e+00,0.000000000000000000e+00
2.212570260602963745e-01,0.000000000000000000e+00,0.000000000000000000e+00
2.192130812468063294e-01,0.000000000000000000e+00,0.000000000000000000e+00
2.176801226366888165e-01,0.000000000000000000e+00,0.000000000000000000e+00
2.192130812468063294e-01,0.000000000000000000e+00,0.000000000000000000e+00
2.176801226366888165e-01,0.000000000000000000e+00,0.000000000000000000e+00
2.151251916198262670e-01,0.000000000000000000e+00,0.000000000000000000e+00
2.176801226366888165e-01,0.000000000000000000e+00,0.000000000000000000e+00
2.187020950434338251e-01,0.000000000000000000e+00,0.000000000000000000e+00
2.166581502299437800e-01,0.000000000000000000e+00,0.000000000000000000e+00
2.171691364333163121e-01,0.000000000000000000e+00,0.000000000000000000e+00
2.176801226366888165e-01,0.000000000000000000e+00,0.000000000000000000e+00
2.187020950434338251e-01,0.000000000000000000e+00,0.000000000000000000e+00
2.181911088400613208e-01,0.000000000000000000e+00,0.000000000000000000e+00
2.166581502299437800e-01,0.000000000000000000e+00,0.000000000000000000e+00
2.166581502299437800e-01,0.000000000000000000e+00,0.000000000000000000e+00
2.161471640265712757e-01,0.000000000000000000e+00,0.000000000000000000e+00
2.181911088400613208e-01,0.000000000000000000e+00,0.000000000000000000e+00
2.161471640265712757e-01,0.000000000000000000e+00,0.000000000000000000e+00
2.156361778231987714e-01,0.000000000000000000e+00,0.000000000000000000e+00
2.156361778231987714e-01,0.000000000000000000e+00,0.000000000000000000e+00
2.141032192130812584e-01,0.000000000000000000e+00,0.000000000000000000e+00
2.135922330097087263e-01,0.000000000000000000e+00,0.000000000000000000e+00
2.146142054164537627e-01,0.000000000000000000e+00,0.000000000000000000e+00
2.130812468063362219e-01,0.000000000000000000e+00,0.000000000000000000e+00
2.100153295861011682e-01,0.000000000000000000e+00,0.000000000000000000e+00
2.115482881962187089e-01,0.000000000000000000e+00,0.000000000000000000e+00
2.130812468063362219e-01,0.000000000000000000e+00,0.000000000000000000e+00
2.125702606029637176e-01,0.000000000000000000e+00,0.000000000000000000e+00
2.125702606029637176e-01,0.000000000000000000e+00,0.000000000000000000e+00
2.100153295861011682e-01,0.000000000000000000e+00,0.000000000000000000e+00
2.110373019928462046e-01,0.000000000000000000e+00,0.000000000000000000e+00
2.115482881962187089e-01,0.000000000000000000e+00,0.000000000000000000e+00
2.125702606029637176e-01,0.000000000000000000e+00,0.000000000000000000e+00
2.130812468063362219e-01,0.000000000000000000e+00,0.000000000000000000e+00
2.115482881962187089e-01,0.000000000000000000e+00,0.000000000000000000e+00
2.135922330097087263e-01,0.000000000000000000e+00,0.000000000000000000e+00
2.146142054164537627e-01,0.000000000000000000e+00,0.000000000000000000e+00
2.166581502299437800e-01,0.000000000000000000e+00,0.000000000000000000e+00
2.151251916198262670e-01,0.000000000000000000e+00,0.000000000000000000e+00
2.115482881962187089e-01,0.000000000000000000e+00,0.000000000000000000e+00
2.135922330097087263e-01,0.000000000000000000e+00,0.000000000000000000e+00
2.181911088400613208e-01,0.000000000000000000e+00,0.000000000000000000e+00
2.181911088400613208e-01,0.000000000000000000e+00,0.000000000000000000e+00
2.176801226366888165e-01,0.000000000000000000e+00,0.000000000000000000e+00
2.197240674501788338e-01,0.000000000000000000e+00,0.000000000000000000e+00
2.181911088400613208e-01,0.000000000000000000e+00,0.000000000000000000e+00
2.197240674501788338e-01,0.000000000000000000e+00,0.000000000000000000e+00
2.181911088400613208e-01,0.000000000000000000e+00,0.000000000000000000e+00
2.192130812468063294e-01,0.000000000000000000e+00,0.000000000000000000e+00
2.202350536535513659e-01,0.000000000000000000e+00,0.000000000000000000e+00
2.187020950434338251e-01,0.000000000000000000e+00,0.000000000000000000e+00
2.171691364333163121e-01,0.000000000000000000e+00,0.000000000000000000e+00
2.207460398569238702e-01,0.000000000000000000e+00,0.000000000000000000e+00
2.238119570771589240e-01,0.000000000000000000e+00,0.000000000000000000e+00
2.202350536535513659e-01,0.000000000000000000e+00,0.000000000000000000e+00
2.217680122636688789e-01,0.000000000000000000e+00,0.000000000000000000e+00
2.222789984670413832e-01,0.000000000000000000e+00,0.000000000000000000e+00
2.233009708737864196e-01,0.000000000000000000e+00,0.000000000000000000e+00
2.233009708737864196e-01,0.000000000000000000e+00,0.000000000000000000e+00
2.253449156872764370e-01,0.000000000000000000e+00,0.000000000000000000e+00
2.238119570771589240e-01,0.000000000000000000e+00,0.000000000000000000e+00
2.263668880940214734e-01,0.000000000000000000e+00,0.000000000000000000e+00
2.258559018906489413e-01,0.000000000000000000e+00,0.000000000000000000e+00
2.278998467041389864e-01,0.000000000000000000e+00,0.000000000000000000e+00
2.278998467041389864e-01,0.000000000000000000e+00,0.000000000000000000e+00
2.273888605007664820e-01,0.000000000000000000e+00,0.000000000000000000e+00
2.309657639243740401e-01,0.000000000000000000e+00,0.000000000000000000e+00
2.304547777210015358e-01,0.000000000000000000e+00,0.000000000000000000e+00
2.309657639243740401e-01,0.000000000000000000e+00,0.000000000000000000e+00
2.294328053142565271e-01,0.000000000000000000e+00,0.000000000000000000e+00
2.304547777210015358e-01,0.000000000000000000e+00,0.000000000000000000e+00
2.299437915176290315e-01,0.000000000000000000e+00,0.000000000000000000e+00
2.304547777210015358e-01,0.000000000000000000e+00,0.000000000000000000e+00
2.319877363311190488e-01,0.000000000000000000e+00,0.000000000000000000e+00
2.309657639243740401e-01,0.000000000000000000e+00,0.000000000000000000e+00
2.319877363311190488e-01,0.000000000000000000e+00,0.000000000000000000e+00
2.304547777210015358e-01,0.000000000000000000e+00,0.000000000000000000e+00
2.289218191108839950e-01,0.000000000000000000e+00,0.000000000000000000e+00
2.289218191108839950e-01,0.000000000000000000e+00,0.000000000000000000e+00
2.299437915176290315e-01,0.000000000000000000e+00,0.000000000000000000e+00
2.319877363311190488e-01,0.000000000000000000e+00,0.000000000000000000e+00
2.304547777210015358e-01,0.000000000000000000e+00,0.000000000000000000e+00
2.294328053142565271e-01,0.000000000000000000e+00,0.000000000000000000e+00
2.294328053142565271e-01,0.000000000000000000e+00,0.000000000000000000e+00
2.294328053142565271e-01,0.000000000000000000e+00,0.000000000000000000e+00
2.299437915176290315e-01,0.000000000000000000e+00,0.000000000000000000e+00
2.324987225344915809e-01,0.000000000000000000e+00,0.000000000000000000e+00
2.314767501277465445e-01,0.000000000000000000e+00,0.000000000000000000e+00
2.314767501277465445e-01,0.000000000000000000e+00,0.000000000000000000e+00
2.309657639243740401e-01,0.000000000000000000e+00,0.000000000000000000e+00
2.284108329075114907e-01,0.000000000000000000e+00,0.000000000000000000e+00
2.289218191108839950e-01,0.000000000000000000e+00,0.000000000000000000e+00
2.324987225344915809e-01,0.000000000000000000e+00,0.000000000000000000e+00
2.319877363311190488e-01,0.000000000000000000e+00,0.000000000000000000e+00
2.324987225344915809e-01,0.000000000000000000e+00,0.000000000000000000e+00
2.299437915176290315e-01,4.000000000000000083e-02,0.000000000000000000e+00
2.278998467041389864e-01,4.000000000000000083e-02,0.000000000000000000e+00
2.294328053142565271e-01,0.000000000000000000e+00,0.000000000000000000e+00
2.299437915176290315e-01,0.000000000000000000e+00,0.000000000000000000e+00
2.314767501277465445e-01,0.000000000000000000e+00,0.000000000000000000e+00
2.304547777210015358e-01,0.000000000000000000e+00,0.000000000000000000e+00
2.278998467041389864e-01,0.000000000000000000e+00,0.000000000000000000e+00
2.278998467041389864e-01,0.000000000000000000e+00,0.000000000000000000e+00
2.294328053142565271e-01,0.000000000000000000e+00,0.000000000000000000e+00
2.263668880940214734e-01,0.000000000000000000e+00,0.000000000000000000e+00
2.340316811446090939e-01,0.000000000000000000e+00,0.000000000000000000e+00
2.370975983648441476e-01,0.000000000000000000e+00,0.000000000000000000e+00
2.324987225344915809e-01,0.000000000000000000e+00,0.000000000000000000e+00
2.416964741951967421e-01,0.000000000000000000e+00,0.000000000000000000e+00
2.544711292795094337e-01,1.199999999999999956e-01,2.000000000000000000e+00
3.254982115482881744e-01,2.399999999999999911e-01,2.000000000000000000e+00
3.566683699540112440e-01,1.199999999999999956e-01,2.000000000000000000e+00
4.001021972406745286e-01,4.000000000000000083e-02,4.000000000000000000e+00
4.271844660194174526e-01,8.000000000000000167e-02,4.000000000000000000e+00
4.460909555442003072e-01,0.000000000000000000e+00,4.000000000000000000e+00
4.374041900868676502e-01,0.000000000000000000e+00,4.000000000000000000e+00
4.644864588656106297e-01,0.000000000000000000e+00,4.000000000000000000e+00
3.612672457843638107e-01,0.000000000000000000e+00,4.000000000000000000e+00
3.673990802248339183e-01,0.000000000000000000e+00,4.000000000000000000e+00
4.118548799182422115e-01,0.000000000000000000e+00,4.000000000000000000e+00
4.128768523249872202e-01,0.000000000000000000e+00,4.000000000000000000e+00
3.714869698518140084e-01,1.199999999999999956e-01,2.000000000000000000e+00
3.740419008686765578e-01,0.000000000000000000e+00,4.000000000000000000e+00
3.464486458865610463e-01,4.000000000000000083e-02,4.000000000000000000e+00
2.733776188042922883e-01,0.000000000000000000e+00,0.000000000000000000e+00
2.457843638221768046e-01,0.000000000000000000e+00,0.000000000000000000e+00
2.396525293817066971e-01,0.000000000000000000e+00,0.000000000000000000e+00
2.330097087378640852e-01,0.000000000000000000e+00,0.000000000000000000e+00
2.416964741951967421e-01,0.000000000000000000e+00,0.000000000000000000e+00
2.626469085334696141e-01,0.000000000000000000e+00,0.000000000000000000e+00
2.682677567705671895e-01,0.000000000000000000e+00,0.000000000000000000e+00
2.933060807358201516e-01,8.000000000000000167e-02,2.000000000000000000e+00
3.040367910066428259e-01,8.000000000000000167e-02,2.000000000000000000e+00
3.142565150740930235e-01,4.000000000000000083e-02,4.000000000000000000e+00
3.617782319877363428e-01,4.000000000000000222e-01,2.000000000000000000e+00
3.776188042922841159e-01,2.000000000000000111e-01,2.000000000000000000e+00
3.576903423607562527e-01,4.000000000000000083e-02,4.000000000000000000e+00
3.525804803270311538e-01,8.000000000000000167e-02,2.000000000000000000e+00
3.413387838528359475e-01,0.000000000000000000e+00,4.000000000000000000e+00
3.260091977516607065e-01,4.000000000000000083e-02,4.000000000000000000e+00
3.132345426673479594e-01,0.000000000000000000e+00,4.000000000000000000e+00
3.060807358201328432e-01,1.600000000000000033e-01,2.000000000000000000e+00
3.004598875830352678e-01,1.199999999999999956e-01,2.000000000000000000e+00
2.958610117526827010e-01,4.000000000000000083e-02,0.000000000000000000e+00
2.846193152784874947e-01,1.199999999999999956e-01,2.000000000000000000e+00
2.943280531425651603e-01,4.000000000000000083e-02,0.000000000000000000e+00
2.887072049054675293e-01,2.800000000000000266e-01,2.000000000000000000e+00
2.626469085334696141e-01,2.000000000000000111e-01,2.000000000000000000e+00
2.503832396525293991e-01,0.000000000000000000e+00,0.000000000000000000e+00
2.335206949412365895e-01,4.000000000000000083e-02,0.000000000000000000e+00
2.171691364333163121e-01,4.000000000000000083e-02,0.000000000000000000e+00
2.100153295861011682e-01,8.000000000000000167e-02,2.000000000000000000e+00
2.130812468063362219e-01,0.000000000000000000e+00,0.000000000000000000e+00
2.125702606029637176e-01,0.000000000000000000e+00,0.000000000000000000e+00
2.105263157894736725e-01,0.000000000000000000e+00,0.000000000000000000e+00
2.135922330097087263e-01,0.000000000000000000e+00,0.000000000000000000e+00
2.110373019928462046e-01,0.000000000000000000e+00,0.000000000000000000e+00
2.059274399591211058e-01,4.000000000000000083e-02,0.000000000000000000e+00
2.095043433827286639e-01,0.000000000000000000e+00,0.000000000000000000e+00
2.074603985692386188e-01,0.000000000000000000e+00,0.000000000000000000e+00
2.074603985692386188e-01,4.000000000000000083e-02,0.000000000000000000e+00
2.054164537557486014e-01,4.000000000000000083e-02,0.000000000000000000e+00
2.089933571793561595e-01,0.000000000000000000e+00,0.000000000000000000e+00
2.095043433827286639e-01,0.000000000000000000e+00,0.000000000000000000e+00
2.100153295861011682e-01,0.000000000000000000e+00,0.000000000000000000e+00
2.084823709759836552e-01,0.000000000000000000e+00,0.000000000000000000e+00
2.089933571793561595e-01,0.000000000000000000e+00,0.000000000000000000e+00
2.100153295861011682e-01,0.000000000000000000e+00,0.000000000000000000e+00
2.084823709759836552e-01,0.000000000000000000e+00,0.000000000000000000e+00
2.059274399591211058e-01,0.000000000000000000e+00,0.000000000000000000e+00
2.064384261624936101e-01,0.000000000000000000e+00,0.000000000000000000e+00
2.054164537557486014e-01,0.000000000000000000e+00,0.000000000000000000e+00
2.049054675523760971e-01,0.000000000000000000e+00,0.000000000000000000e+00
2.054164537557486014e-01,0.000000000000000000e+00,0.000000000000000000e+00
2.074603985692386188e-01,0.000000000000000000e+00,0.000000000000000000e+00
2.049054675523760971e-01,0.000000000000000000e+00,0.000000000000000000e+00
2.054164537557486014e-01,0.000000000000000000e+00,0.000000000000000000e+00
2.079713847726111509e-01,0.000000000000000000e+00,0.000000000000000000e+00
2.069494123658661144e-01,0.000000000000000000e+00,0.000000000000000000e+00
2.069494123658661144e-01,0.000000000000000000e+00,0.000000000000000000e+00
2.089933571793561595e-01,0.000000000000000000e+00,0.000000000000000000e+00
2.069494123658661144e-01,0.000000000000000000e+00,0.000000000000000000e+00
2.079713847726111509e-01,0.000000000000000000e+00,0.000000000000000000e+00
2.084823709759836552e-01,0.000000000000000000e+00,0.000000000000000000e+00
2.084823709759836552e-01,0.000000000000000000e+00,0.000000000000000000e+00
2.095043433827286639e-01,4.000000000000000083e-02,0.000000000000000000e+00
2.110373019928462046e-01,0.000000000000000000e+00,0.000000000000000000e+00
2.038834951456310607e-01,0.000000000000000000e+00,0.000000000000000000e+00
2.033725089422585564e-01,0.000000000000000000e+00,0.000000000000000000e+00
2.151251916198262670e-01,0.000000000000000000e+00,0.000000000000000000e+00
2.278998467041389864e-01,0.000000000000000000e+00,0.000000000000000000e+00
2.253449156872764370e-01,0.000000000000000000e+00,0.000000000000000000e+00
2.365866121614716433e-01,0.000000000000000000e+00,0.000000000000000000e+00
2.422074603985692465e-01,0.000000000000000000e+00,0.000000000000000000e+00
2.667347981604496487e-01,0.000000000000000000e+00,0.000000000000000000e+00
2.672457843638221808e-01,0.000000000000000000e+00,0.000000000000000000e+00
2.784874808380173872e-01,0.000000000000000000e+00,0.000000000000000000e+00
2.938170669391926282e-01,0.000000000000000000e+00,0.000000000000000000e+00
2.984159427695451949e-01,0.000000000000000000e+00,0.000000000000000000e+00
3.086356668369953926e-01,0.000000000000000000e+00,4.000000000000000000e+00
3.147675012774655001e-01,4.000000000000000083e-02,4.000000000000000000e+00
3.178334184977005816e-01,0.000000000000000000e+00,4.000000000000000000e+00
3.229432805314256250e-01,0.000000000000000000e+00,4.000000000000000000e+00
3.290751149718957325e-01,0.000000000000000000e+00,4.000000000000000000e+00
3.300970873786407966e-01,0.000000000000000000e+00,4.000000000000000000e+00
3.387838528359734536e-01,0.000000000000000000e+00,4.000000000000000000e+00
3.362289218191109041e-01,0.000000000000000000e+00,4.000000000000000000e+00
3.285641287685232559e-01,0.000000000000000000e+00,4.000000000000000000e+00
3.352069494123658400e-01,0.000000000000000000e+00,4.000000000000000000e+00
3.188553909044455903e-01,1.600000000000000033e-01,2.000000000000000000e+00
3.224322943280531484e-01,1.199999999999999956e-01,2.000000000000000000e+00
3.352069494123658400e-01,0.000000000000000000e+00,4.000000000000000000e+00
3.025038323965252851e-01,0.000000000000000000e+00,4.000000000000000000e+00
3.065917220235053753e-01,0.000000000000000000e+00,4.000000000000000000e+00
3.132345426673479594e-01,0.000000000000000000e+00,4.000000000000000000e+00
2.933060807358201516e-01,0.000000000000000000e+00,0.000000000000000000e+00
2.938170669391926282e-01,0.000000000000000000e+00,0.000000000000000000e+00
2.933060807358201516e-01,0.000000000000000000e+00,0.000000000000000000e+00
2.769545222278998464e-01,0.000000000000000000e+00,0.000000000000000000e+00
2.641798671435870993e-01,0.000000000000000000e+00,0.000000000000000000e+00
2.616249361267246054e-01,0.000000000000000000e+00,0.000000000000000000e+00
2.560040878896269745e-01,0.000000000000000000e+00,0.000000000000000000e+00
2.447623914154317959e-01,0.000000000000000000e+00,0.000000000000000000e+00
2.508942258559018756e-01,0.000000000000000000e+00,0.000000000000000000e+00
2.534491568727644251e-01,0.000000000000000000e+00,0.000000000000000000e+00
2.549821154828819658e-01,0.000000000000000000e+00,0.000000000000000000e+00
2.549821154828819658e-01,0.000000000000000000e+00,0.000000000000000000e+00
2.508942258559018756e-01,0.000000000000000000e+00,0.000000000000000000e+00
2.493612672457843626e-01,0.000000000000000000e+00,0.000000000000000000e+00
2.452733776188043002e-01,0.000000000000000000e+00,0.000000000000000000e+00
2.473173224322943176e-01,2.399999999999999911e-01,2.000000000000000000e+00
2.452733776188043002e-01,0.000000000000000000e+00,0.000000000000000000e+00
2.473173224322943176e-01,0.000000000000000000e+00,0.000000000000000000e+00
2.457843638221768046e-01,0.000000000000000000e+00,0.000000000000000000e+00
2.452733776188043002e-01,0.000000000000000000e+00,0.000000000000000000e+00
2.437404190086867595e-01,0.000000000000000000e+00,0.000000000000000000e+00
2.422074603985692465e-01,0.000000000000000000e+00,0.000000000000000000e+00
2.432294328053142551e-01,0.000000000000000000e+00,0.000000000000000000e+00
2.427184466019417508e-01,0.000000000000000000e+00,0.000000000000000000e+00
2.468063362289218132e-01,0.000000000000000000e+00,0.000000000000000000e+00
2.473173224322943176e-01,0.000000000000000000e+00,0.000000000000000000e+00
2.452733776188043002e-01,0.000000000000000000e+00,0.000000000000000000e+00
2.437404190086867595e-01,0.000000000000000000e+00,0.000000000000000000e+00
2.422074603985692465e-01,0.000000000000000000e+00,0.000000000000000000e+00
2.442514052120592638e-01,0.000000000000000000e+00,0.000000000000000000e+00
2.427184466019417508e-01,0.000000000000000000e+00,0.000000000000000000e+00
2.422074603985692465e-01,0.000000000000000000e+00,0.000000000000000000e+00
2.396525293817066971e-01,0.000000000000000000e+00,0.000000000000000000e+00
2.401635155850792014e-01,0.000000000000000000e+00,0.000000000000000000e+00
2.406745017884517057e-01,0.000000000000000000e+00,0.000000000000000000e+00
2.396525293817066971e-01,0.000000000000000000e+00,0.000000000000000000e+00
2.381195707715891563e-01,0.000000000000000000e+00,0.000000000000000000e+00
2.376085845682166520e-01,0.000000000000000000e+00,0.000000000000000000e+00
2.365866121614716433e-01,0.000000000000000000e+00,0.000000000000000000e+00
2.365866121614716433e-01,0.000000000000000000e+00,0.000000000000000000e+00
2.391415431783341927e-01,0.000000000000000000e+00,0.000000000000000000e+00
2.381195707715891563e-01,0.000000000000000000e+00,0.000000000000000000e+00
2.365866121614716433e-01,0.000000000000000000e+00,0.000000000000000000e+00
2.376085845682166520e-01,0.000000000000000000e+00,0.000000000000000000e+00
2.381195707715891563e-01,0.000000000000000000e+00,0.000000000000000000e+00
2.365866121614716433e-01,0.000000000000000000e+00,0.000000000000000000e+00
2.370975983648441476e-01,0.000000000000000000e+00,0.000000000000000000e+00
2.391415431783341927e-01,0.000000000000000000e+00,0.000000000000000000e+00
2.370975983648441476e-01,0.000000000000000000e+00,0.000000000000000000e+00
2.376085845682166520e-01,0.000000000000000000e+00,0.000000000000000000e+00
2.355646397547266346e-01,0.000000000000000000e+00,0.000000000000000000e+00
2.324987225344915809e-01,0.000000000000000000e+00,0.000000000000000000e+00
2.335206949412365895e-01,0.000000000000000000e+00,0.000000000000000000e+00
2.355646397547266346e-01,0.000000000000000000e+00,0.000000000000000000e+00
2.340316811446090939e-01,0.000000000000000000e+00,0.000000000000000000e+00
2.335206949412365895e-01,0.000000000000000000e+00,0.000000000000000000e+00
2.324987225344915809e-01,0.000000000000000000e+00,0.000000000000000000e+00
2.340316811446090939e-01,0.000000000000000000e+00,0.000000000000000000e+00
2.340316811446090939e-01,0.000000000000000000e+00,0.000000000000000000e+00
2.350536535513541025e-01,0.000000000000000000e+00,0.000000000000000000e+00
2.319877363311190488e-01,0.000000000000000000e+00,0.000000000000000000e+00
2.319877363311190488e-01,0.000000000000000000e+00,0.000000000000000000e+00
2.309657639243740401e-01,0.000000000000000000e+00,0.000000000000000000e+00
2.335206949412365895e-01,0.000000000000000000e+00,0.000000000000000000e+00
2.309657639243740401e-01,0.000000000000000000e+00,0.000000000000000000e+00
2.268778742973939777e-01,0.000000000000000000e+00,0.000000000000000000e+00
2.278998467041389864e-01,0.000000000000000000e+00,0.000000000000000000e+00
2.294328053142565271e-01,0.000000000000000000e+00,0.000000000000000000e+00
2.289218191108839950e-01,0.000000000000000000e+00,0.000000000000000000e+00
2.299437915176290315e-01,4.000000000000000083e-02,0.000000000000000000e+00
2.299437915176290315e-01,0.000000000000000000e+00,0.000000000000000000e+00
2.258559018906489413e-01,0.000000000000000000e+00,0.000000000000000000e+00
2.253449156872764370e-01,0.000000000000000000e+00,0.000000000000000000e+00
2.263668880940214734e-01,0.000000000000000000e+00,0.000000000000000000e+00
2.263668880940214734e-01,0.000000000000000000e+00,0.000000000000000000e+00
2.263668880940214734e-01,0.000000000000000000e+00,0.000000000000000000e+00
2.248339294839039326e-01,0.000000000000000000e+00,0.000000000000000000e+00
2.253449156872764370e-01,0.000000000000000000e+00,0.000000000000000000e+00
2.263668880940214734e-01,0.000000000000000000e+00,0.000000000000000000e+00
2.268778742973939777e-01,0.000000000000000000e+00,0.000000000000000000e+00
2.222789984670413832e-01,0.000000000000000000e+00,0.000000000000000000e+00
2.248339294839039326e-01,0.000000000000000000e+00,0.000000000000000000e+00
2.238119570771589240e-01,0.000000000000000000e+00,0.000000000000000000e+00
2.258559018906489413e-01,0.000000000000000000e+00,0.000000000000000000e+00
2.248339294839039326e-01,0.000000000000000000e+00,0.000000000000000000e+00
2.273888605007664820e-01,0.000000000000000000e+00,0.000000000000000000e+00
2.258559018906489413e-01,0.000000000000000000e+00,0.000000000000000000e+00
2.273888605007664820e-01,0.000000000000000000e+00,0.000000000000000000e+00
2.294328053142565271e-01,0.000000000000000000e+00,0.000000000000000000e+00
2.273888605007664820e-01,0.000000000000000000e+00,0.000000000000000000e+00
2.263668880940214734e-01,0.000000000000000000e+00,0.000000000000000000e+00
2.268778742973939777e-01,0.000000000000000000e+00,0.000000000000000000e+00
2.273888605007664820e-01,0.000000000000000000e+00,0.000000000000000000e+00
2.273888605007664820e-01,0.000000000000000000e+00,0.000000000000000000e+00
2.273888605007664820e-01,0.000000000000000000e+00,0.000000000000000000e+00
2.284108329075114907e-01,0.000000000000000000e+00,0.000000000000000000e+00
2.268778742973939777e-01,0.000000000000000000e+00,0.000000000000000000e+00
2.238119570771589240e-01,0.000000000000000000e+00,0.000000000000000000e+00
2.248339294839039326e-01,0.000000000000000000e+00,0.000000000000000000e+00
2.238119570771589240e-01,0.000000000000000000e+00,0.000000000000000000e+00
2.238119570771589240e-01,0.000000000000000000e+00,0.000000000000000000e+00
2.248339294839039326e-01,0.000000000000000000e+00,0.000000000000000000e+00
2.238119570771589240e-01,0.000000000000000000e+00,0.000000000000000000e+00
2.238119570771589240e-01,0.000000000000000000e+00,0.000000000000000000e+00
2.238119570771589240e-01,0.000000000000000000e+00,0.000000000000000000e+00
2.253449156872764370e-01,0.000000000000000000e+00,0.000000000000000000e+00
2.233009708737864196e-01,0.000000000000000000e+00,0.000000000000000000e+00
2.233009708737864196e-01,0.000000000000000000e+00,0.000000000000000000e+00
2.217680122636688789e-01,0.000000000000000000e+00,0.000000000000000000e+00
2.217680122636688789e-01,0.000000000000000000e+00,0.000000000000000000e+00
2.222789984670413832e-01,0.000000000000000000e+00,0.000000000000000000e+00
2.233009708737864196e-01,0.000000000000000000e+00,0.000000000000000000e+00
2.248339294839039326e-01,0.000000000000000000e+00,0.000000000000000000e+00
2.243229432805314283e-01,0.000000000000000000e+00,0.000000000000000000e+00
2.243229432805314283e-01,0.000000000000000000e+00,0.000000000000000000e+00
2.233009708737864196e-01,0.000000000000000000e+00,0.000000000000000000e+00
2.233009708737864196e-01,0.000000000000000000e+00,0.000000000000000000e+00
2.202350536535513659e-01,0.000000000000000000e+00,0.000000000000000000e+00
2.217680122636688789e-01,4.000000000000000083e-02,0.000000000000000000e+00
2.181911088400613208e-01,0.000000000000000000e+00,0.000000000000000000e+00
2.192130812468063294e-01,0.000000000000000000e+00,0.000000000000000000e+00
2.176801226366888165e-01,0.000000000000000000e+00,0.000000000000000000e+00
2.192130812468063294e-01,0.000000000000000000e+00,0.000000000000000000e+00
2.202350536535513659e-01,0.000000000000000000e+00,0.000000000000000000e+00
2.197240674501788338e-01,0.000000000000000000e+00,0.000000000000000000e+00
2.212570260602963745e-01,0.000000000000000000e+00,0.000000000000000000e+00
2.212570260602963745e-01,0.000000000000000000e+00,0.000000000000000000e+00
2.176801226366888165e-01,0.000000000000000000e+00,0.000000000000000000e+00
2.187020950434338251e-01,0.000000000000000000e+00,0.000000000000000000e+00
2.197240674501788338e-01,0.000000000000000000e+00,0.000000000000000000e+00
2.227899846704138875e-01,0.000000000000000000e+00,0.000000000000000000e+00
2.212570260602963745e-01,0.000000000000000000e+00,0.000000000000000000e+00
2.222789984670413832e-01,0.000000000000000000e+00,0.000000000000000000e+00
2.233009708737864196e-01,0.000000000000000000e+00,0.000000000000000000e+00
2.222789984670413832e-01,0.000000000000000000e+00,0.000000000000000000e+00
2.202350536535513659e-01,0.000000000000000000e+00,0.000000000000000000e+00
2.202350536535513659e-01,0.000000000000000000e+00,0.000000000000000000e+00
2.187020950434338251e-01,0.000000000000000000e+00,0.000000000000000000e+00
2.171691364333163121e-01,0.000000000000000000e+00,0.000000000000000000e+00
2.197240674501788338e-01,0.000000000000000000e+00,0.000000000000000000e+00
2.187020950434338251e-01,0.000000000000000000e+00,0.000000000000000000e+00
2.202350536535513659e-01,0.000000000000000000e+00,0.000000000000000000e+00
2.181911088400613208e-01,0.000000000000000000e+00,0.000000000000000000e+00
2.176801226366888165e-01,0.000000000000000000e+00,0.000000000000000000e+00
2.176801226366888165e-01,0.000000000000000000e+00,0.000000000000000000e+00
2.161471640265712757e-01,0.000000000000000000e+00,0.000000000000000000e+00
2.176801226366888165e-01,0.000000000000000000e+00,0.000000000000000000e+00
2.217680122636688789e-01,0.000000000000000000e+00,0.000000000000000000e+00
2.238119570771589240e-01,0.000000000000000000e+00,0.000000000000000000e+00
2.222789984670413832e-01,4.000000000000000083e-02,0.000000000000000000e+00
2.192130812468063294e-01,0.000000000000000000e+00,0.000000000000000000e+00
2.181911088400613208e-01,0.000000000000000000e+00,0.000000000000000000e+00
2.176801226366888165e-01,0.000000000000000000e+00,0.000000000000000000e+00
2.181911088400613208e-01,0.000000000000000000e+00,0.000000000000000000e+00
2.176801226366888165e-01,0.000000000000000000e+00,0.000000000000000000e+00
2.187020950434338251e-01,0.000000000000000000e+00,0.000000000000000000e+00
2.187020950434338251e-01,0.000000000000000000e+00,0.000000000000000000e+00
2.171691364333163121e-01,0.000000000000000000e+00,0.000000000000000000e+00
2.202350536535513659e-01,0.000000000000000000e+00,0.000000000000000000e+00
2.176801226366888165e-01,0.000000000000000000e+00,0.000000000000000000e+00
2.187020950434338251e-01,0.000000000000000000e+00,0.000000000000000000e+00
2.176801226366888165e-01,0.000000000000000000e+00,0.000000000000000000e+00
2.192130812468063294e-01,0.000000000000000000e+00,0.000000000000000000e+00
2.202350536535513659e-01,0.000000000000000000e+00,0.000000000000000000e+00
2.202350536535513659e-01,0.000000000000000000e+00,0.000000000000000000e+00
2.207460398569238702e-01,0.000000000000000000e+00,0.000000000000000000e+00
2.207460398569238702e-01,0.000000000000000000e+00,0.000000000000000000e+00
2.192130812468063294e-01,0.000000000000000000e+00,0.000000000000000000e+00
2.187020950434338251e-01,0.000000000000000000e+00,0.000000000000000000e+00
2.187020950434338251e-01,0.000000000000000000e+00,0.000000000000000000e+00
2.176801226366888165e-01,0.000000000000000000e+00,0.000000000000000000e+00
2.171691364333163121e-01,0.000000000000000000e+00,0.000000000000000000e+00
2.176801226366888165e-01,0.000000000000000000e+00,0.000000000000000000e+00
2.171691364333163121e-01,0.000000000000000000e+00,0.000000000000000000e+00
2.176801226366888165e-01,0.000000000000000000e+00,0.000000000000000000e+00
2.176801226366888165e-01,0.000000000000000000e+00,0.000000000000000000e+00
2.202350536535513659e-01,0.000000000000000000e+00,0.000000000000000000e+00
2.217680122636688789e-01,0.000000000000000000e+00,0.000000000000000000e+00
2.207460398569238702e-01,0.000000000000000000e+00,0.000000000000000000e+00
2.192130812468063294e-01,0.000000000000000000e+00,0.000000000000000000e+00
2.176801226366888165e-01,0.000000000000000000e+00,0.000000000000000000e+00
2.171691364333163121e-01,0.000000000000000000e+00,0.000000000000000000e+00
2.171691364333163121e-01,0.000000000000000000e+00,0.000000000000000000e+00
2.181911088400613208e-01,0.000000000000000000e+00,0.000000000000000000e+00
2.181911088400613208e-01,0.000000000000000000e+00,0.000000000000000000e+00
2.181911088400613208e-01,0.000000000000000000e+00,0.000000000000000000e+00
2.161471640265712757e-01,0.000000000000000000e+00,0.000000000000000000e+00
2.192130812468063294e-01,0.000000000000000000e+00,0.000000000000000000e+00
2.202350536535513659e-01,0.000000000000000000e+00,0.000000000000000000e+00
2.171691364333163121e-01,0.000000000000000000e+00,0.000000000000000000e+00
2.166581502299437800e-01,0.000000000000000000e+00,0.000000000000000000e+00
2.161471640265712757e-01,0.000000000000000000e+00,0.000000000000000000e+00
2.166581502299437800e-01,0.000000000000000000e+00,0.000000000000000000e+00
2.171691364333163121e-01,0.000000000000000000e+00,0.000000000000000000e+00
2.166581502299437800e-01,0.000000000000000000e+00,0.000000000000000000e+00
2.187020950434338251e-01,0.000000000000000000e+00,0.000000000000000000e+00
2.176801226366888165e-01,0.000000000000000000e+00,0.000000000000000000e+00
2.171691364333163121e-01,0.000000000000000000e+00,0.000000000000000000e+00
2.156361778231987714e-01,0.000000000000000000e+00,0.000000000000000000e+00
2.161471640265712757e-01,0.000000000000000000e+00,0.000000000000000000e+00
2.141032192130812584e-01,0.000000000000000000e+00,0.000000000000000000e+00
2.146142054164537627e-01,0.000000000000000000e+00,0.000000000000000000e+00
2.146142054164537627e-01,0.000000000000000000e+00,0.000000000000000000e+00
2.125702606029637176e-01,0.000000000000000000e+00,0.000000000000000000e+00
2.115482881962187089e-01,0.000000000000000000e+00,0.000000000000000000e+00
2.100153295861011682e-01,0.000000000000000000e+00,0.000000000000000000e+00
2.110373019928462046e-01,0.000000000000000000e+00,0.000000000000000000e+00
2.125702606029637176e-01,0.000000000000000000e+00,0.000000000000000000e+00
2.110373019928462046e-01,0.000000000000000000e+00,0.000000000000000000e+00
2.120592743995912133e-01,0.000000000000000000e+00,0.000000000000000000e+00
2.115482881962187089e-01,0.000000000000000000e+00,0.000000000000000000e+00
2.105263157894736725e-01,0.000000000000000000e+00,0.000000000000000000e+00
2.105263157894736725e-01,0.000000000000000000e+00,0.000000000000000000e+00
2.089933571793561595e-01,0.000000000000000000e+00,0.000000000000000000e+00
2.095043433827286639e-01,0.000000000000000000e+00,0.000000000000000000e+00
2.064384261624936101e-01,0.000000000000000000e+00,0.000000000000000000e+00
2.084823709759836552e-01,0.000000000000000000e+00,0.000000000000000000e+00
2.089933571793561595e-01,0.000000000000000000e+00,0.000000000000000000e+00
2.095043433827286639e-01,0.000000000000000000e+00,0.000000000000000000e+00
2.084823709759836552e-01,0.000000000000000000e+00,0.000000000000000000e+00
2.079713847726111509e-01,0.000000000000000000e+00,0.000000000000000000e+00
2.079713847726111509e-01,0.000000000000000000e+00,0.000000000000000000e+00
2.069494123658661144e-01,0.000000000000000000e+00,0.000000000000000000e+00
2.064384261624936101e-01,0.000000000000000000e+00,0.000000000000000000e+00
2.074603985692386188e-01,0.000000000000000000e+00,0.000000000000000000e+00
2.089933571793561595e-01,0.000000000000000000e+00,0.000000000000000000e+00
2.084823709759836552e-01,0.000000000000000000e+00,0.000000000000000000e+00
2.069494123658661144e-01,0.000000000000000000e+00,0.000000000000000000e+00
2.074603985692386188e-01,0.000000000000000000e+00,0.000000000000000000e+00
2.069494123658661144e-01,0.000000000000000000e+00,0.000000000000000000e+00
2.059274399591211058e-01,0.000000000000000000e+00,0.000000000000000000e+00
2.059274399591211058e-01,0.000000000000000000e+00,0.000000000000000000e+00
2.059274399591211058e-01,0.000000000000000000e+00,0.000000000000000000e+00
2.059274399591211058e-01,0.000000000000000000e+00,0.000000000000000000e+00
2.028615227388860520e-01,0.000000000000000000e+00,0.000000000000000000e+00
2.033725089422585564e-01,0.000000000000000000e+00,0.000000000000000000e+00
2.038834951456310607e-01,0.000000000000000000e+00,0.000000000000000000e+00
2.059274399591211058e-01,0.000000000000000000e+00,0.000000000000000000e+00
2.074603985692386188e-01,0.000000000000000000e+00,0.000000000000000000e+00
2.043944813490035650e-01,0.000000000000000000e+00,0.000000000000000000e+00
2.043944813490035650e-01,0.000000000000000000e+00,0.000000000000000000e+00
2.049054675523760971e-01,0.000000000000000000e+00,0.000000000000000000e+00
2.038834951456310607e-01,0.000000000000000000e+00,0.000000000000000000e+00
2.033725089422585564e-01,0.000000000000000000e+00,0.000000000000000000e+00
2.049054675523760971e-01,0.000000000000000000e+00,0.000000000000000000e+00
2.064384261624936101e-01,0.000000000000000000e+00,0.000000000000000000e+00
2.043944813490035650e-01,0.000000000000000000e+00,0.000000000000000000e+00
2.064384261624936101e-01,0.000000000000000000e+00,0.000000000000000000e+00
2.074603985692386188e-01,0.000000000000000000e+00,0.000000000000000000e+00
2.059274399591211058e-01,0.000000000000000000e+00,0.000000000000000000e+00
2.064384261624936101e-01,0.000000000000000000e+00,0.000000000000000000e+00
2.028615227388860520e-01,0.000000000000000000e+00,0.000000000000000000e+00
1.992846193152784939e-01,0.000000000000000000e+00,0.000000000000000000e+00
2.013285641287685113e-01,0.000000000000000000e+00,0.000000000000000000e+00
2.038834951456310607e-01,0.000000000000000000e+00,0.000000000000000000e+00
2.043944813490035650e-01,0.000000000000000000e+00,0.000000000000000000e+00
2.054164537557486014e-01,0.000000000000000000e+00,0.000000000000000000e+00
2.059274399591211058e-01,0.000000000000000000e+00,0.000000000000000000e+00
2.049054675523760971e-01,0.000000000000000000e+00,0.000000000000000000e+00
2.018395503321410434e-01,0.000000000000000000e+00,0.000000000000000000e+00
2.018395503321410434e-01,0.000000000000000000e+00,0.000000000000000000e+00
2.008175779253960069e-01,0.000000000000000000e+00,0.000000000000000000e+00
2.008175779253960069e-01,0.000000000000000000e+00,0.000000000000000000e+00
1.977516607051609532e-01,0.000000000000000000e+00,0.000000000000000000e+00
1.977516607051609532e-01,0.000000000000000000e+00,0.000000000000000000e+00
1.962187020950434402e-01,0.000000000000000000e+00,0.000000000000000000e+00
1.987736331119059896e-01,0.000000000000000000e+00,0.000000000000000000e+00
2.003065917220235026e-01,0.000000000000000000e+00,0.000000000000000000e+00
2.003065917220235026e-01,0.000000000000000000e+00,0.000000000000000000e+00
1.972406745017884488e-01,0.000000000000000000e+00,0.000000000000000000e+00
1.982626469085334575e-01,0.000000000000000000e+00,0.000000000000000000e+00
1.982626469085334575e-01,0.000000000000000000e+00,0.000000000000000000e+00
1.972406745017884488e-01,0.000000000000000000e+00,0.000000000000000000e+00
1.972406745017884488e-01,0.000000000000000000e+00,0.000000000000000000e+00
1.982626469085334575e-01,0.000000000000000000e+00,0.000000000000000000e+00
1.977516607051609532e-01,0.000000000000000000e+00,0.000000000000000000e+00
1.967296882984159445e-01,0.000000000000000000e+00,0.000000000000000000e+00
1.977516607051609532e-01,0.000000000000000000e+00,0.000000000000000000e+00
1.997956055186509983e-01,0.000000000000000000e+00,0.000000000000000000e+00
2.013285641287685113e-01,0.000000000000000000e+00,0.000000000000000000e+00
2.023505365355135477e-01,0.000000000000000000e+00,0.000000000000000000e+00
2.003065917220235026e-01,0.000000000000000000e+00,0.000000000000000000e+00
1.992846193152784939e-01,0.000000000000000000e+00,0.000000000000000000e+00
1.972406745017884488e-01,0.000000000000000000e+00,0.000000000000000000e+00
1.972406745017884488e-01,0.000000000000000000e+00,0.000000000000000000e+00
1.992846193152784939e-01,0.000000000000000000e+00,0.000000000000000000e+00
1.997956055186509983e-01,0.000000000000000000e+00,0.000000000000000000e+00
1.982626469085334575e-01,0.000000000000000000e+00,0.000000000000000000e+00
1.946857434849258994e-01,0.000000000000000000e+00,0.000000000000000000e+00
1.967296882984159445e-01,0.000000000000000000e+00,0.000000000000000000e+00
1.957077158916709358e-01,0.000000000000000000e+00,0.000000000000000000e+00
1.957077158916709358e-01,0.000000000000000000e+00,0.000000000000000000e+00
1.977516607051609532e-01,0.000000000000000000e+00,0.000000000000000000e+00
1.962187020950434402e-01,0.000000000000000000e+00,0.000000000000000000e+00
1.967296882984159445e-01,0.000000000000000000e+00,0.000000000000000000e+00
1.972406745017884488e-01,0.000000000000000000e+00,0.000000000000000000e+00
1.977516607051609532e-01,0.000000000000000000e+00,0.000000000000000000e+00
1.951967296882984038e-01,0.000000000000000000e+00,0.000000000000000000e+00
1.972406745017884488e-01,0.000000000000000000e+00,0.000000000000000000e+00
1.972406745017884488e-01,0.000000000000000000e+00,0.000000000000000000e+00
1.972406745017884488e-01,0.000000000000000000e+00,0.000000000000000000e+00
1.941747572815533951e-01,0.000000000000000000e+00,0.000000000000000000e+00
1.962187020950434402e-01,0.000000000000000000e+00,0.000000000000000000e+00
1.967296882984159445e-01,0.000000000000000000e+00,0.000000000000000000e+00
1.962187020950434402e-01,0.000000000000000000e+00,0.000000000000000000e+00
1.972406745017884488e-01,0.000000000000000000e+00,0.000000000000000000e+00
1.962187020950434402e-01,0.000000000000000000e+00,0.000000000000000000e+00
1.982626469085334575e-01,0.000000000000000000e+00,0.000000000000000000e+00
1.967296882984159445e-01,0.000000000000000000e+00,0.000000000000000000e+00
1.967296882984159445e-01,0.000000000000000000e+00,0.000000000000000000e+00
1.982626469085334575e-01,0.000000000000000000e+00,0.000000000000000000e+00
1.977516607051609532e-01,0.000000000000000000e+00,0.000000000000000000e+00
1.962187020950434402e-01,0.000000000000000000e+00,0.000000000000000000e+00
1.977516607051609532e-01,0.000000000000000000e+00,0.000000000000000000e+00
1.972406745017884488e-01,0.000000000000000000e+00,0.000000000000000000e+00
1.987736331119059896e-01,0.000000000000000000e+00,0.000000000000000000e+00
2.013285641287685113e-01,0.000000000000000000e+00,0.000000000000000000e+00
1.982626469085334575e-01,0.000000000000000000e+00,0.000000000000000000e+00
2.003065917220235026e-01,0.000000000000000000e+00,0.000000000000000000e+00
1.977516607051609532e-01,0.000000000000000000e+00,0.000000000000000000e+00
1.977516607051609532e-01,0.000000000000000000e+00,0.000000000000000000e+00
1.982626469085334575e-01,0.000000000000000000e+00,0.000000000000000000e+00
1.992846193152784939e-01,0.000000000000000000e+00,0.000000000000000000e+00
2.003065917220235026e-01,0.000000000000000000e+00,0.000000000000000000e+00
1.987736331119059896e-01,0.000000000000000000e+00,0.000000000000000000e+00
1.977516607051609532e-01,0.000000000000000000e+00,0.000000000000000000e+00
1.977516607051609532e-01,0.000000000000000000e+00,0.000000000000000000e+00
1.987736331119059896e-01,0.000000000000000000e+00,0.000000000000000000e+00
1.982626469085334575e-01,0.000000000000000000e+00,0.000000000000000000e+00
1.982626469085334575e-01,0.000000000000000000e+00,0.000000000000000000e+00
1.992846193152784939e-01,0.000000000000000000e+00,0.000000000000000000e+00
1.977516607051609532e-01,0.000000000000000000e+00,0.000000000000000000e+00
1.987736331119059896e-01,0.000000000000000000e+00,0.000000000000000000e+00
2.003065917220235026e-01,0.000000000000000000e+00,0.000000000000000000e+00
1.997956055186509983e-01,0.000000000000000000e+00,0.000000000000000000e+00
2.003065917220235026e-01,0.000000000000000000e+00,0.000000000000000000e+00
1.982626469085334575e-01,0.000000000000000000e+00,0.000000000000000000e+00
1.992846193152784939e-01,0.000000000000000000e+00,0.000000000000000000e+00
2.008175779253960069e-01,0.000000000000000000e+00,0.000000000000000000e+00
1.992846193152784939e-01,0.000000000000000000e+00,0.000000000000000000e+00
1.982626469085334575e-01,0.000000000000000000e+00,0.000000000000000000e+00
1.972406745017884488e-01,0.000000000000000000e+00,0.000000000000000000e+00
2.003065917220235026e-01,0.000000000000000000e+00,0.000000000000000000e+00
1.997956055186509983e-01,0.000000000000000000e+00,0.000000000000000000e+00
1.977516607051609532e-01,0.000000000000000000e+00,0.000000000000000000e+00
1.982626469085334575e-01,0.000000000000000000e+00,0.000000000000000000e+00
1.962187020950434402e-01,0.000000000000000000e+00,0.000000000000000000e+00
1.962187020950434402e-01,0.000000000000000000e+00,0.000000000000000000e+00
1.987736331119059896e-01,0.000000000000000000e+00,0.000000000000000000e+00
1.982626469085334575e-01,0.000000000000000000e+00,0.000000000000000000e+00
1.967296882984159445e-01,0.000000000000000000e+00,0.000000000000000000e+00
1.977516607051609532e-01,0.000000000000000000e+00,0.000000000000000000e+00
1.997956055186509983e-01,0.000000000000000000e+00,0.000000000000000000e+00
2.003065917220235026e-01,0.000000000000000000e+00,0.000000000000000000e+00
2.018395503321410434e-01,0.000000000000000000e+00,0.000000000000000000e+00
2.003065917220235026e-01,0.000000000000000000e+00,0.000000000000000000e+00
1.967296882984159445e-01,0.000000000000000000e+00,0.000000000000000000e+00
1.992846193152784939e-01,0.000000000000000000e+00,0.000000000000000000e+00
2.018395503321410434e-01,0.000000000000000000e+00,0.000000000000000000e+00
2.013285641287685113e-01,0.000000000000000000e+00,0.000000000000000000e+00
1.992846193152784939e-01,0.000000000000000000e+00,0.000000000000000000e+00
1.972406745017884488e-01,0.000000000000000000e+00,0.000000000000000000e+00
1.982626469085334575e-01,0.000000000000000000e+00,0.000000000000000000e+00
1.972406745017884488e-01,0.000000000000000000e+00,0.000000000000000000e+00
1.987736331119059896e-01,0.000000000000000000e+00,0.000000000000000000e+00
1.982626469085334575e-01,0.000000000000000000e+00,0.000000000000000000e+00
2.018395503321410434e-01,0.000000000000000000e+00,0.000000000000000000e+00
2.008175779253960069e-01,0.000000000000000000e+00,0.000000000000000000e+00
2.018395503321410434e-01,0.000000000000000000e+00,0.000000000000000000e+00
2.008175779253960069e-01,0.000000000000000000e+00,0.000000000000000000e+00
2.023505365355135477e-01,0.000000000000000000e+00,0.000000000000000000e+00
2.008175779253960069e-01,0.000000000000000000e+00,0.000000000000000000e+00
2.013285641287685113e-01,0.000000000000000000e+00,0.000000000000000000e+00
2.013285641287685113e-01,0.000000000000000000e+00,0.000000000000000000e+00
2.033725089422585564e-01,0.000000000000000000e+00,0.000000000000000000e+00
2.023505365355135477e-01,0.000000000000000000e+00,0.000000000000000000e+00
2.018395503321410434e-01,0.000000000000000000e+00,0.000000000000000000e+00
2.028615227388860520e-01,0.000000000000000000e+00,0.000000000000000000e+00
2.018395503321410434e-01,0.000000000000000000e+00,0.000000000000000000e+00
2.008175779253960069e-01,0.000000000000000000e+00,0.000000000000000000e+00
2.018395503321410434e-01,0.000000000000000000e+00,0.000000000000000000e+00
2.008175779253960069e-01,0.000000000000000000e+00,0.000000000000000000e+00
2.023505365355135477e-01,0.000000000000000000e+00,0.000000000000000000e+00
2.043944813490035650e-01,0.000000000000000000e+00,0.000000000000000000e+00
2.038834951456310607e-01,0.000000000000000000e+00,0.000000000000000000e+00
2.028615227388860520e-01,0.000000000000000000e+00,0.000000000000000000e+00
2.043944813490035650e-01,0.000000000000000000e+00,0.000000000000000000e+00
2.054164537557486014e-01,4.000000000000000083e-02,0.000000000000000000e+00
2.023505365355135477e-01,0.000000000000000000e+00,0.000000000000000000e+00
2.043944813490035650e-01,0.000000000000000000e+00,0.000000000000000000e+00
2.059274399591211058e-01,4.000000000000000083e-02,0.000000000000000000e+00
2.054164537557486014e-01,4.000000000000000083e-02,0.000000000000000000e+00
2.049054675523760971e-01,0.000000000000000000e+00,0.000000000000000000e+00
2.028615227388860520e-01,4.000000000000000083e-02,0.000000000000000000e+00
2.064384261624936101e-01,0.000000000000000000e+00,0.000000000000000000e+00
2.069494123658661144e-01,0.000000000000000000e+00,0.000000000000000000e+00
2.023505365355135477e-01,0.000000000000000000e+00,0.000000000000000000e+00
2.033725089422585564e-01,0.000000000000000000e+00,0.000000000000000000e+00
2.069494123658661144e-01,0.000000000000000000e+00,0.000000000000000000e+00
2.059274399591211058e-01,0.000000000000000000e+00,0.000000000000000000e+00
2.038834951456310607e-01,0.000000000000000000e+00,0.000000000000000000e+00
2.028615227388860520e-01,0.000000000000000000e+00,0.000000000000000000e+00
2.018395503321410434e-01,0.000000000000000000e+00,0.000000000000000000e+00
2.028615227388860520e-01,0.000000000000000000e+00,0.000000000000000000e+00
2.013285641287685113e-01,4.000000000000000083e-02,0.000000000000000000e+00
2.038834951456310607e-01,0.000000000000000000e+00,0.000000000000000000e+00
2.013285641287685113e-01,0.000000000000000000e+00,0.000000000000000000e+00
2.023505365355135477e-01,0.000000000000000000e+00,0.000000000000000000e+00
2.023505365355135477e-01,0.000000000000000000e+00,0.000000000000000000e+00
2.028615227388860520e-01,0.000000000000000000e+00,0.000000000000000000e+00
2.038834951456310607e-01,0.000000000000000000e+00,0.000000000000000000e+00
2.059274399591211058e-01,0.000000000000000000e+00,0.000000000000000000e+00
2.023505365355135477e-01,0.000000000000000000e+00,0.000000000000000000e+00
1.992846193152784939e-01,0.000000000000000000e+00,0.000000000000000000e+00
2.028615227388860520e-01,0.000000000000000000e+00,0.000000000000000000e+00
1.997956055186509983e-01,0.000000000000000000e+00,0.000000000000000000e+00
1.997956055186509983e-01,0.000000000000000000e+00,0.000000000000000000e+00
2.023505365355135477e-01,0.000000000000000000e+00,0.000000000000000000e+00
2.023505365355135477e-01,0.000000000000000000e+00,0.000000000000000000e+00
2.013285641287685113e-01,0.000000000000000000e+00,0.000000000000000000e+00
2.008175779253960069e-01,0.000000000000000000e+00,0.000000000000000000e+00
2.038834951456310607e-01,0.000000000000000000e+00,0.000000000000000000e+00
2.013285641287685113e-01,0.000000000000000000e+00,0.000000000000000000e+00
1.992846193152784939e-01,0.000000000000000000e+00,0.000000000000000000e+00
2.008175779253960069e-01,0.000000000000000000e+00,0.000000000000000000e+00
2.038834951456310607e-01,0.000000000000000000e+00,0.000000000000000000e+00
