(datetime.datetime(2021, 5, 17, 10, 36, 1, 13486), 709.0, 0.0, 3.0, 0.997454583644867, 8360978)
(datetime.datetime(2021, 5, 17, 10, 51, 7, 710300), 435.0, 0.0, 0.0, 0.999986529350281, 8360978)
(datetime.datetime(2021, 5, 17, 11, 6, 13, 510816), 398.0, 0.0, 0.0, 0.999993681907654, 8360978)
(datetime.datetime(2021, 5, 17, 11, 21, 18, 752133), 400.0, 0.0, 0.0, 0.999993443489075, 8360978)
(datetime.datetime(2021, 5, 17, 11, 36, 43, 68249), 399.0, 0.0, 0.0, 0.999993562698364, 8360978)
(datetime.datetime(2021, 5, 17, 11, 51, 50, 877843), 392.0, 0.0, 0.0, 0.999994158744812, 8360978)
(datetime.datetime(2021, 5, 17, 12, 6, 57, 6628), 397.0, 0.0, 0.0, 0.999993681907654, 8360978)
(datetime.datetime(2021, 5, 17, 12, 22, 3, 748238), 392.0, 0.0, 0.0, 0.999994158744812, 8360978)
(datetime.datetime(2021, 5, 17, 12, 37, 10, 142568), 411.0, 0.0, 0.0, 0.9999920129776, 8360978)
(datetime.datetime(2021, 5, 17, 12, 54, 44, 605336), 409.0, 0.0, 0.0, 0.999992251396179, 8360978)
(datetime.datetime(2021, 5, 17, 13, 10, 59, 312661), 401.0, 0.0, 0.0, 0.999993324279785, 8360978)
(datetime.datetime(2021, 5, 17, 13, 26, 5, 188398), 407.0, 0.0, 0.0, 0.999992489814758, 8360978)
(datetime.datetime(2021, 5, 17, 13, 41, 12, 578805), 423.0, 13.0, 2.0, 0.966843724250793, 8360978)
(datetime.datetime(2021, 5, 17, 13, 56, 18, 647584), 435.0, 7.0, 2.0, 0.997496783733368, 8360978)
(datetime.datetime(2021, 5, 17, 14, 11, 24, 409457), 429.0, 0.0, 0.0, 0.999988317489624, 8360978)
(datetime.datetime(2021, 5, 17, 14, 26, 30, 631078), 432.0, 0.0, 0.0, 0.999987363815308, 8360978)
(datetime.datetime(2021, 5, 17, 14, 41, 36, 557412), 434.0, 0.0, 0.0, 0.99998676776886, 8360978)
(datetime.datetime(2021, 5, 17, 14, 56, 42, 148982), 432.0, 0.0, 0.0, 0.999987363815308, 8360978)
(datetime.datetime(2021, 5, 17, 15, 11, 48, 74318), 430.0, 0.0, 0.0, 0.999988079071045, 8360978)
(datetime.datetime(2021, 5, 17, 15, 26, 54, 758690), 426.0, 0.0, 0.0, 0.999989032745361, 8360978)
(datetime.datetime(2021, 5, 17, 15, 42, 1, 496358), 431.0, 0.0, 0.0, 0.999987721443176, 8360978)
(datetime.datetime(2021, 5, 17, 15, 57, 8, 14510), 426.0, 0.0, 0.0, 0.999989032745361, 8360978)
(datetime.datetime(2021, 5, 17, 16, 12, 13, 883317), 429.0, 0.0, 0.0, 0.999988317489624, 8360978)
(datetime.datetime(2021, 5, 17, 16, 27, 19, 676670), 427.0, 0.0, 0.0, 0.999988794326782, 8360978)
(datetime.datetime(2021, 5, 17, 16, 42, 24, 794075), 421.0, 0.0, 0.0, 0.999990344047546, 8360978)
(datetime.datetime(2021, 5, 17, 17, 5, 29, 728893), 422.0, 0.0, 0.0, 0.999990105628967, 8360978)
(datetime.datetime(2021, 5, 17, 17, 20, 35, 235942), 410.0, 0.0, 0.0, 0.99999213218689, 8360978)
(datetime.datetime(2021, 5, 17, 17, 35, 40, 820412), 417.0, 0.0, 0.0, 0.999990940093994, 8360978)
(datetime.datetime(2021, 5, 17, 17, 51, 35, 547255), 419.0, 0.0, 0.0, 0.999990701675415, 8360978)
(datetime.datetime(2021, 5, 17, 18, 6, 41, 601616), 417.0, 0.0, 0.0, 0.999990940093994, 8360978)
(datetime.datetime(2021, 5, 17, 18, 21, 47, 238304), 418.0, 0.0, 0.0, 0.999990820884705, 8360978)
(datetime.datetime(2021, 5, 17, 18, 36, 53, 843660), 413.0, 1.0, 0.0, 0.99982613325119, 8360978)
(datetime.datetime(2021, 5, 17, 18, 52, 33, 315205), 411.0, 0.0, 0.0, 0.9999920129776, 8360978)
(datetime.datetime(2021, 5, 17, 19, 7, 39, 268367), 408.0, 0.0, 0.0, 0.999992370605469, 8360978)
(datetime.datetime(2021, 5, 17, 19, 22, 45, 884098), 410.0, 0.0, 0.0, 0.99999213218689, 8360978)
(datetime.datetime(2021, 5, 17, 19, 37, 52, 717342), 418.0, 0.0, 0.0, 0.999990820884705, 8360978)
(datetime.datetime(2021, 5, 17, 19, 52, 58, 547387), 419.0, 0.0, 0.0, 0.999990701675415, 8360978)
(datetime.datetime(2021, 5, 17, 20, 8, 4, 125627), 416.0, 0.0, 0.0, 0.999991178512573, 8360978)
(datetime.datetime(2021, 5, 17, 20, 23, 9, 773639), 411.0, 0.0, 0.0, 0.9999920129776, 8360978)
(datetime.datetime(2021, 5, 17, 20, 38, 16, 139142), 413.0, 0.0, 0.0, 0.999991774559021, 8360978)
(datetime.datetime(2021, 5, 17, 20, 53, 22, 289426), 414.0, 0.0, 0.0, 0.999991536140442, 8360978)
(datetime.datetime(2021, 5, 17, 21, 8, 29, 302928), 418.0, 0.0, 0.0, 0.999990820884705, 8360978)
(datetime.datetime(2021, 5, 17, 21, 23, 35, 384959), 413.0, 0.0, 0.0, 0.999991774559021, 8360978)
(datetime.datetime(2021, 5, 17, 21, 38, 40, 879112), 417.0, 0.0, 0.0, 0.999990940093994, 8360978)
(datetime.datetime(2021, 5, 17, 21, 53, 47, 200206), 412.0, 0.0, 0.0, 0.999991893768311, 8360978)
(datetime.datetime(2021, 5, 17, 22, 8, 53, 616323), 414.0, 0.0, 0.0, 0.999991536140442, 8360978)
(datetime.datetime(2021, 5, 17, 22, 23, 59, 581529), 418.0, 1.0, 0.0, 0.999810993671417, 8360978)
(datetime.datetime(2021, 5, 17, 22, 39, 5, 885957), 411.0, 0.0, 0.0, 0.9999920129776, 8360978)
(datetime.datetime(2021, 5, 17, 22, 54, 11, 330177), 410.0, 0.0, 0.0, 0.99999213218689, 8360978)
(datetime.datetime(2021, 5, 17, 23, 9, 18, 1411), 412.0, 0.0, 0.0, 0.999991893768311, 8360978)
(datetime.datetime(2021, 5, 17, 23, 24, 23, 648376), 416.0, 0.0, 0.0, 0.999991178512573, 8360978)
(datetime.datetime(2021, 5, 17, 23, 39, 29, 889482), 410.0, 0.0, 0.0, 0.99999213218689, 8360978)
(datetime.datetime(2021, 5, 17, 23, 54, 35, 36824), 414.0, 0.0, 0.0, 0.999991536140442, 8360978)
(datetime.datetime(2021, 5, 18, 0, 10, 56, 462356), 418.0, 0.0, 0.0, 0.999990820884705, 8360978)
(datetime.datetime(2021, 5, 18, 0, 26, 2, 309729), 417.0, 0.0, 0.0, 0.999990940093994, 8360978)
(datetime.datetime(2021, 5, 18, 0, 41, 9, 575375), 414.0, 0.0, 0.0, 0.999991536140442, 8360978)
(datetime.datetime(2021, 5, 18, 0, 56, 13, 708347), 418.0, 0.0, 0.0, 0.999990820884705, 8360978)
(datetime.datetime(2021, 5, 18, 1, 11, 18, 576314), 415.0, 0.0, 0.0, 0.999991297721863, 8360978)
(datetime.datetime(2021, 5, 18, 1, 26, 24, 526712), 416.0, 0.0, 0.0, 0.999991178512573, 8360978)
(datetime.datetime(2021, 5, 18, 1, 42, 29, 506423), 413.0, 0.0, 0.0, 0.999991774559021, 8360978)
(datetime.datetime(2021, 5, 18, 1, 57, 34, 708056), 414.0, 0.0, 0.0, 0.999991536140442, 8360978)
(datetime.datetime(2021, 5, 18, 2, 12, 40, 731484), 414.0, 0.0, 0.0, 0.999991536140442, 8360978)
(datetime.datetime(2021, 5, 18, 2, 27, 45, 436543), 438.0, 9.0, 2.0, 0.996756732463837, 8360978)
(datetime.datetime(2021, 5, 18, 2, 42, 52, 521406), 931.0, 13.0, 2.0, 0.926975250244141, 8360978)
(datetime.datetime(2021, 5, 18, 2, 57, 59, 216455), 1150.0, 7.0, 2.0, 0.976212441921234, 8360978)
(datetime.datetime(2021, 5, 18, 3, 13, 5, 650594), 1242.0, 2.0, 3.0, 0.99853503704071, 8360978)
(datetime.datetime(2021, 5, 18, 3, 28, 11, 766675), 1332.0, 4.0, 3.0, 0.572337567806244, 8360978)
(datetime.datetime(2021, 5, 18, 3, 43, 18, 700524), 939.0, 16.0, 4.0, 0.741819322109222, 8360978)
(datetime.datetime(2021, 5, 18, 3, 58, 24, 123923), 557.0, 3.0, 2.0, 0.996915459632874, 8360978)
(datetime.datetime(2021, 5, 18, 4, 13, 29, 271995), 508.0, 3.0, 2.0, 0.996770262718201, 8360978)
(datetime.datetime(2021, 5, 18, 4, 28, 36, 23445), 790.0, 2.0, 3.0, 0.892005026340485, 8360978)
(datetime.datetime(2021, 5, 18, 4, 43, 43, 499937), 1022.0, 0.0, 3.0, 0.99958473443985, 8360978)
(datetime.datetime(2021, 5, 18, 5, 4, 22, 391661), 1289.0, 5.0, 2.0, 0.505875527858734, 8360978)
(datetime.datetime(2021, 5, 18, 5, 19, 28, 598896), 1353.0, 1.0, 3.0, 0.999300122261047, 8360978)
(datetime.datetime(2021, 5, 18, 5, 34, 35, 843397), 1390.0, 7.0, 1.0, 0.79766172170639, 8360978)
(datetime.datetime(2021, 5, 18, 5, 49, 42, 627767), 1085.0, 0.0, 3.0, 0.999683618545532, 8360978)
(datetime.datetime(2021, 5, 18, 6, 4, 48, 142508), 878.0, 0.0, 3.0, 0.999158501625061, 8360978)
(datetime.datetime(2021, 5, 18, 6, 19, 54, 95292), 1204.0, 3.0, 3.0, 0.989686191082001, 8360978)
(datetime.datetime(2021, 5, 18, 6, 37, 47, 496317), 1425.0, 14.0, 1.0, 0.940980315208435, 8360978)
(datetime.datetime(2021, 5, 18, 6, 53, 19, 816078), 1471.0, 8.0, 1.0, 0.94266676902771, 8360978)
(datetime.datetime(2021, 5, 18, 7, 8, 25, 941320), 1023.0, 17.0, 4.0, 0.899157106876373, 8360978)
(datetime.datetime(2021, 5, 18, 7, 23, 32, 733541), 1263.0, 9.0, 2.0, 0.725726902484894, 8360978)
(datetime.datetime(2021, 5, 18, 7, 38, 39, 192214), 590.0, 6.0, 2.0, 0.997719705104828, 8360978)
(datetime.datetime(2021, 5, 18, 7, 53, 45, 419948), 607.0, 8.0, 2.0, 0.997428834438324, 8360978)
(datetime.datetime(2021, 5, 18, 8, 8, 51, 929375), 563.0, 15.0, 2.0, 0.719070196151733, 8360978)
(datetime.datetime(2021, 5, 18, 8, 23, 58, 83587), 553.0, 0.0, 0.0, 0.927519202232361, 8360978)
(datetime.datetime(2021, 5, 18, 8, 39, 4, 402203), 499.0, 0.0, 0.0, 0.999768435955048, 8360978)
(datetime.datetime(2021, 5, 18, 8, 54, 9, 877025), 478.0, 0.0, 0.0, 0.999930620193481, 8360978)
(datetime.datetime(2021, 5, 18, 9, 9, 15, 761735), 455.0, 2.0, 2.0, 0.992319285869598, 8360978)
(datetime.datetime(2021, 5, 18, 9, 24, 21, 856004), 854.0, 4.0, 2.0, 0.996320724487305, 8360978)
(datetime.datetime(2021, 5, 18, 9, 39, 28, 541279), 996.0, 0.0, 3.0, 0.999530076980591, 8360978)
(datetime.datetime(2021, 5, 18, 9, 54, 34, 27899), 1025.0, 12.0, 2.0, 0.97925192117691, 8360978)
(datetime.datetime(2021, 5, 18, 10, 9, 40, 394631), 1244.0, 4.0, 3.0, 0.56763619184494, 8360978)
(datetime.datetime(2021, 5, 18, 10, 24, 47, 445802), 1198.0, 0.0, 3.0, 0.999769270420074, 8360978)
(datetime.datetime(2021, 5, 18, 10, 39, 53, 912356), 1114.0, 0.0, 3.0, 0.999713361263275, 8360978)
(datetime.datetime(2021, 5, 18, 11, 4, 59, 448048), 815.0, 0.0, 3.0, 0.998802661895752, 8360978)
(datetime.datetime(2021, 5, 18, 11, 23, 58, 233901), 709.0, 0.0, 3.0, 0.997454583644867, 8360978)
(datetime.datetime(2021, 5, 18, 11, 39, 5, 22670), 632.0, 0.0, 3.0, 0.988345146179199, 8360978)
(datetime.datetime(2021, 5, 18, 11, 54, 11, 545176), 594.0, 0.0, 3.0, 0.874955534934998, 8360978)
(datetime.datetime(2021, 5, 18, 12, 9, 17, 646714), 557.0, 0.0, 0.0, 0.878535449504852, 8360978)
(datetime.datetime(2021, 5, 18, 12, 24, 23, 672714), 529.0, 0.0, 0.0, 0.997046530246735, 8360978)
(datetime.datetime(2021, 5, 18, 12, 39, 29, 770275), 504.0, 0.0, 0.0, 0.999672532081604, 8360978)
(datetime.datetime(2021, 5, 18, 12, 54, 35, 106277), 489.0, 0.0, 0.0, 0.999874711036682, 8360978)
(datetime.datetime(2021, 5, 18, 13, 9, 40, 335944), 477.0, 0.0, 0.0, 0.999933958053589, 8360978)
(datetime.datetime(2021, 5, 18, 13, 24, 46, 456063), 475.0, 1.0, 0.0, 0.999187648296356, 8360978)
(datetime.datetime(2021, 5, 18, 13, 39, 51, 750955), 467.0, 2.0, 2.0, 0.992656648159027, 8360978)
(datetime.datetime(2021, 5, 18, 13, 54, 58, 335952), 482.0, 0.0, 0.0, 0.999914765357971, 8360978)
(datetime.datetime(2021, 5, 18, 14, 10, 53, 167669), 483.0, 0.0, 0.0, 0.999909996986389, 8360978)
(datetime.datetime(2021, 5, 18, 14, 25, 58, 787067), 484.0, 0.0, 0.0, 0.999904990196228, 8360978)
(datetime.datetime(2021, 5, 18, 14, 41, 2, 915022), 474.0, 0.0, 0.0, 0.999942660331726, 8360978)
(datetime.datetime(2021, 5, 18, 14, 56, 8, 148720), 470.0, 0.0, 0.0, 0.99995219707489, 8360978)
(datetime.datetime(2021, 5, 18, 15, 12, 32, 305652), 467.0, 0.0, 0.0, 0.999958038330078, 8360978)
(datetime.datetime(2021, 5, 18, 15, 27, 38, 703715), 464.0, 0.0, 0.0, 0.999963164329529, 8360978)
(datetime.datetime(2021, 5, 18, 15, 42, 43, 683509), 453.0, 0.0, 0.0, 0.999976396560669, 8360978)
(datetime.datetime(2021, 5, 18, 15, 57, 48, 791324), 453.0, 0.0, 0.0, 0.999976396560669, 8360978)
(datetime.datetime(2021, 5, 18, 16, 13, 51, 416023), 447.0, 0.0, 0.0, 0.999981164932251, 8360978)
(datetime.datetime(2021, 5, 18, 16, 28, 58, 388801), 454.0, 0.0, 0.0, 0.999975562095642, 8360978)
(datetime.datetime(2021, 5, 18, 16, 44, 5, 215959), 447.0, 0.0, 0.0, 0.999981164932251, 8360978)
(datetime.datetime(2021, 5, 18, 17, 4, 23, 724991), 437.0, 0.0, 0.0, 0.999985694885254, 8360978)
(datetime.datetime(2021, 5, 18, 17, 19, 29, 849135), 434.0, 0.0, 0.0, 0.99998676776886, 8360978)
(datetime.datetime(2021, 5, 18, 17, 34, 35, 708303), 429.0, 0.0, 0.0, 0.999988317489624, 8360978)
(datetime.datetime(2021, 5, 18, 17, 49, 41, 273373), 436.0, 0.0, 0.0, 0.999986171722412, 8360978)
(datetime.datetime(2021, 5, 18, 18, 4, 46, 755081), 433.0, 0.0, 0.0, 0.999987125396729, 8360978)
(datetime.datetime(2021, 5, 18, 18, 21, 23, 883547), 430.0, 0.0, 0.0, 0.999988079071045, 8360978)
(datetime.datetime(2021, 5, 18, 18, 36, 30, 422188), 428.0, 0.0, 0.0, 0.999988555908203, 8360978)
(datetime.datetime(2021, 5, 18, 18, 51, 36, 536948), 426.0, 0.0, 0.0, 0.999989032745361, 8360978)
(datetime.datetime(2021, 5, 18, 19, 6, 41, 299147), 426.0, 0.0, 0.0, 0.999989032745361, 8360978)
(datetime.datetime(2021, 5, 18, 19, 23, 32, 410636), 426.0, 0.0, 0.0, 0.999989032745361, 8360978)
(datetime.datetime(2021, 5, 18, 19, 38, 38, 300035), 425.0, 0.0, 0.0, 0.99998927116394, 8360978)
(datetime.datetime(2021, 5, 18, 19, 53, 45, 167033), 424.0, 0.0, 0.0, 0.99998950958252, 8360978)
(datetime.datetime(2021, 5, 18, 20, 8, 51, 677120), 425.0, 0.0, 0.0, 0.99998927116394, 8360978)
(datetime.datetime(2021, 5, 18, 20, 23, 58, 691853), 423.0, 0.0, 0.0, 0.999989867210388, 8360978)
(datetime.datetime(2021, 5, 18, 20, 39, 4, 614425), 426.0, 0.0, 0.0, 0.999989032745361, 8360978)
(datetime.datetime(2021, 5, 18, 20, 54, 9, 896335), 427.0, 0.0, 0.0, 0.999988794326782, 8360978)
(datetime.datetime(2021, 5, 18, 21, 9, 15, 504810), 423.0, 0.0, 0.0, 0.999989867210388, 8360978)
(datetime.datetime(2021, 5, 18, 21, 24, 21, 933801), 423.0, 0.0, 0.0, 0.999989867210388, 8360978)
(datetime.datetime(2021, 5, 18, 21, 39, 27, 703369), 414.0, 0.0, 0.0, 0.999991536140442, 8360978)
(datetime.datetime(2021, 5, 18, 21, 54, 33, 663036), 416.0, 0.0, 0.0, 0.999991178512573, 8360978)
(datetime.datetime(2021, 5, 18, 22, 9, 38, 892625), 413.0, 0.0, 0.0, 0.999991774559021, 8360978)
(datetime.datetime(2021, 5, 18, 22, 24, 43, 695275), 412.0, 0.0, 0.0, 0.999991893768311, 8360978)
(datetime.datetime(2021, 5, 18, 22, 39, 48, 409344), 416.0, 0.0, 0.0, 0.999991178512573, 8360978)
(datetime.datetime(2021, 5, 18, 22, 54, 53, 959503), 421.0, 0.0, 0.0, 0.999990344047546, 8360978)
(datetime.datetime(2021, 5, 18, 23, 11, 19, 695726), 416.0, 0.0, 0.0, 0.999991178512573, 8360978)
(datetime.datetime(2021, 5, 18, 23, 26, 25, 867952), 421.0, 0.0, 0.0, 0.999990344047546, 8360978)
(datetime.datetime(2021, 5, 18, 23, 43, 14, 55670), 418.0, 0.0, 0.0, 0.999990820884705, 8360978)
(datetime.datetime(2021, 5, 18, 23, 58, 20, 89912), 415.0, 0.0, 0.0, 0.999991297721863, 8360978)
(datetime.datetime(2021, 5, 19, 0, 13, 27, 418634), 415.0, 0.0, 0.0, 0.999991297721863, 8360978)
(datetime.datetime(2021, 5, 19, 0, 28, 34, 461877), 407.0, 0.0, 0.0, 0.999992489814758, 8360978)
(datetime.datetime(2021, 5, 19, 0, 43, 40, 653790), 415.0, 0.0, 0.0, 0.999991297721863, 8360978)
(datetime.datetime(2021, 5, 19, 0, 58, 46, 748998), 420.0, 0.0, 0.0, 0.999990463256836, 8360978)
(datetime.datetime(2021, 5, 19, 1, 13, 54, 354552), 415.0, 0.0, 0.0, 0.999991297721863, 8360978)
(datetime.datetime(2021, 5, 19, 1, 29, 1, 1540), 416.0, 0.0, 0.0, 0.999991178512573, 8360978)
(datetime.datetime(2021, 5, 19, 1, 44, 7, 272983), 419.0, 0.0, 0.0, 0.999990701675415, 8360978)
(datetime.datetime(2021, 5, 19, 1, 59, 13, 237321), 421.0, 0.0, 0.0, 0.999990344047546, 8360978)
(datetime.datetime(2021, 5, 19, 2, 14, 19, 473146), 415.0, 0.0, 0.0, 0.999991297721863, 8360978)
(datetime.datetime(2021, 5, 19, 2, 29, 25, 152520), 487.0, 6.0, 2.0, 0.997625887393951, 8360978)
(datetime.datetime(2021, 5, 19, 2, 44, 31, 455202), 462.0, 0.0, 0.0, 0.999966144561768, 8360978)
(datetime.datetime(2021, 5, 19, 2, 59, 36, 714101), 459.0, 0.0, 0.0, 0.999970078468323, 8360978)
(datetime.datetime(2021, 5, 19, 3, 14, 42, 544113), 470.0, 0.0, 0.0, 0.99995219707489, 8360978)
(datetime.datetime(2021, 5, 19, 3, 29, 49, 76479), 472.0, 0.0, 0.0, 0.999947786331177, 8360978)
(datetime.datetime(2021, 5, 19, 3, 44, 56, 521440), 481.0, 0.0, 0.0, 0.999919176101685, 8360978)
(datetime.datetime(2021, 5, 19, 4, 2, 1, 195003), 500.0, 0.0, 0.0, 0.999752342700958, 8360978)
(datetime.datetime(2021, 5, 19, 4, 17, 7, 529154), 491.0, 0.0, 0.0, 0.999859213829041, 8360978)
(datetime.datetime(2021, 5, 19, 4, 32, 54, 479055), 469.0, 0.0, 0.0, 0.999954223632812, 8360978)
(datetime.datetime(2021, 5, 19, 4, 48, 1, 52903), 472.0, 0.0, 0.0, 0.999947786331177, 8360978)
(datetime.datetime(2021, 5, 19, 5, 3, 7, 135938), 469.0, 0.0, 0.0, 0.999954223632812, 8360978)
(datetime.datetime(2021, 5, 19, 5, 18, 13, 847431), 464.0, 0.0, 0.0, 0.999963164329529, 8360978)
(datetime.datetime(2021, 5, 19, 5, 33, 20, 271902), 467.0, 3.0, 2.0, 0.996624231338501, 8360978)
(datetime.datetime(2021, 5, 19, 5, 48, 27, 311841), 591.0, 0.0, 3.0, 0.843072712421417, 8360978)
(datetime.datetime(2021, 5, 19, 6, 3, 33, 359379), 585.0, 0.0, 3.0, 0.75701916217804, 8360978)
(datetime.datetime(2021, 5, 19, 6, 18, 38, 862201), 1043.0, 12.0, 2.0, 0.978355824947357, 8360978)
(datetime.datetime(2021, 5, 19, 6, 33, 44, 56802), 1673.0, 8.0, 1.0, 0.99259078502655, 8360978)
(datetime.datetime(2021, 5, 19, 6, 48, 49, 530218), 2012.0, 10.0, 1.0, 0.999577105045319, 8360978)
(datetime.datetime(2021, 5, 19, 7, 3, 55, 690756), 2515.0, 7.0, 1.0, 0.999997854232788, 8360978)
(datetime.datetime(2021, 5, 19, 7, 19, 1, 46230), 2399.0, 0.0, 1.0, 0.995193004608154, 8360978)
(datetime.datetime(2021, 5, 19, 7, 34, 6, 953975), 2244.0, 0.0, 1.0, 0.966904044151306, 8360978)
(datetime.datetime(2021, 5, 19, 7, 49, 13, 30575), 2129.0, 0.0, 1.0, 0.857977747917175, 8360978)
(datetime.datetime(2021, 5, 19, 8, 4, 18, 574618), 2038.0, 0.0, 1.0, 0.62804514169693, 8360978)
(datetime.datetime(2021, 5, 19, 8, 19, 24, 301389), 1896.0, 0.0, 3.0, 0.828832805156708, 8360978)
(datetime.datetime(2021, 5, 19, 8, 34, 30, 209591), 1714.0, 1.0, 3.0, 0.948232591152191, 8360978)
(datetime.datetime(2021, 5, 19, 8, 49, 35, 446674), 1596.0, 0.0, 3.0, 0.997677147388458, 8360978)
(datetime.datetime(2021, 5, 19, 9, 4, 40, 138726), 1455.0, 0.0, 3.0, 0.999457538127899, 8360978)
(datetime.datetime(2021, 5, 19, 9, 19, 58, 905772), 1335.0, 0.0, 3.0, 0.999748528003693, 8360978)
(datetime.datetime(2021, 5, 19, 9, 36, 36, 515830), 1286.0, 0.0, 3.0, 0.999777853488922, 8360978)
(datetime.datetime(2021, 5, 19, 9, 52, 50, 395842), 1204.0, 0.0, 3.0, 0.999771773815155, 8360978)
(datetime.datetime(2021, 5, 19, 10, 7, 55, 754408), 1109.0, 0.0, 3.0, 0.999708592891693, 8360978)
(datetime.datetime(2021, 5, 19, 10, 23, 2, 423028), 1003.0, 0.0, 3.0, 0.999545514583588, 8360978)
(datetime.datetime(2021, 5, 19, 10, 38, 8, 368242), 937.0, 0.0, 3.0, 0.999376356601715, 8360978)
(datetime.datetime(2021, 5, 19, 10, 53, 14, 860177), 868.0, 0.0, 3.0, 0.999112784862518, 8360978)
(datetime.datetime(2021, 5, 19, 11, 8, 20, 255181), 811.0, 0.0, 3.0, 0.998773038387299, 8360978)
(datetime.datetime(2021, 5, 19, 11, 23, 27, 701175), 768.0, 0.0, 3.0, 0.998380780220032, 8360978)
(datetime.datetime(2021, 5, 19, 11, 48, 42, 843323), 698.0, 0.0, 3.0, 0.997163474559784, 8360978)
(datetime.datetime(2021, 5, 19, 12, 3, 49, 171016), 674.0, 0.0, 3.0, 0.996155440807343, 8360978)
(datetime.datetime(2021, 5, 19, 12, 20, 14, 839973), 649.0, 0.0, 3.0, 0.993573606014252, 8360978)
(datetime.datetime(2021, 5, 19, 12, 38, 6, 805897), 640.0, 0.0, 3.0, 0.9914510846138, 8360978)
(datetime.datetime(2021, 5, 19, 12, 53, 13, 493775), 626.0, 0.0, 3.0, 0.98480749130249, 8360978)
(datetime.datetime(2021, 5, 19, 13, 8, 22, 739514), 604.0, 0.0, 3.0, 0.940908551216125, 8360978)
(datetime.datetime(2021, 5, 19, 13, 23, 30, 718330), 599.0, 0.0, 3.0, 0.914114475250244, 8360978)
(datetime.datetime(2021, 5, 19, 13, 38, 36, 834768), 601.0, 4.0, 2.0, 0.997454941272736, 8360978)
(datetime.datetime(2021, 5, 19, 13, 53, 43, 491053), 585.0, 0.0, 3.0, 0.75701916217804, 8360978)
(datetime.datetime(2021, 5, 19, 14, 8, 48, 907855), 578.0, 0.0, 3.0, 0.612165093421936, 8360978)
(datetime.datetime(2021, 5, 19, 14, 31, 4, 787287), 570.0, 0.0, 0.0, 0.591849744319916, 8360978)
(datetime.datetime(2021, 5, 19, 14, 46, 9, 336688), 559.0, 0.0, 0.0, 0.845807731151581, 8360978)
(datetime.datetime(2021, 5, 19, 15, 1, 14, 38665), 560.0, 0.0, 0.0, 0.827715873718262, 8360978)
(datetime.datetime(2021, 5, 19, 15, 16, 19, 212081), 542.0, 0.0, 0.0, 0.984899759292603, 8360978)
(datetime.datetime(2021, 5, 19, 15, 31, 25, 366328), 529.0, 0.0, 0.0, 0.997046530246735, 8360978)
(datetime.datetime(2021, 5, 19, 15, 50, 33, 402245), 528.0, 0.0, 0.0, 0.997352242469788, 8360978)
(datetime.datetime(2021, 5, 19, 16, 5, 39, 808316), 511.0, 0.0, 0.0, 0.999452412128448, 8360978)
(datetime.datetime(2021, 5, 19, 16, 20, 46, 259859), 501.0, 0.0, 0.0, 0.999734580516815, 8360978)
(datetime.datetime(2021, 5, 19, 16, 35, 51, 803949), 493.0, 0.0, 0.0, 0.999841570854187, 8360978)
(datetime.datetime(2021, 5, 19, 16, 50, 58, 178586), 484.0, 0.0, 0.0, 0.999904990196228, 8360978)
(datetime.datetime(2021, 5, 19, 17, 6, 4, 787103), 477.0, 0.0, 0.0, 0.999933958053589, 8360978)
(datetime.datetime(2021, 5, 19, 17, 21, 11, 102818), 477.0, 0.0, 0.0, 0.999933958053589, 8360978)
(datetime.datetime(2021, 5, 19, 17, 36, 16, 477710), 473.0, 0.0, 0.0, 0.999945282936096, 8360978)
(datetime.datetime(2021, 5, 19, 17, 51, 21, 839911), 471.0, 0.0, 0.0, 0.999950051307678, 8360978)
(datetime.datetime(2021, 5, 19, 18, 6, 27, 790284), 461.0, 0.0, 0.0, 0.999967575073242, 8360978)
(datetime.datetime(2021, 5, 19, 18, 21, 33, 546130), 463.0, 0.0, 0.0, 0.999964714050293, 8360978)
(datetime.datetime(2021, 5, 19, 18, 36, 39, 722199), 458.0, 0.0, 0.0, 0.999971270561218, 8360978)
(datetime.datetime(2021, 5, 19, 18, 51, 45, 741899), 458.0, 0.0, 0.0, 0.999971270561218, 8360978)
(datetime.datetime(2021, 5, 19, 19, 6, 51, 435573), 456.0, 0.0, 0.0, 0.99997353553772, 8360978)
(datetime.datetime(2021, 5, 19, 19, 21, 57, 788107), 446.0, 0.0, 0.0, 0.999981760978699, 8360978)
(datetime.datetime(2021, 5, 19, 19, 37, 3, 855282), 451.0, 0.0, 0.0, 0.999978303909302, 8360978)
(datetime.datetime(2021, 5, 19, 19, 52, 9, 711660), 451.0, 0.0, 0.0, 0.999978303909302, 8360978)
(datetime.datetime(2021, 5, 19, 20, 7, 15, 125342), 448.0, 0.0, 0.0, 0.999980568885803, 8360978)
(datetime.datetime(2021, 5, 19, 20, 22, 21, 265600), 441.0, 0.0, 0.0, 0.999984264373779, 8360978)
(datetime.datetime(2021, 5, 19, 20, 37, 26, 434186), 438.0, 0.0, 0.0, 0.999985337257385, 8360978)
(datetime.datetime(2021, 5, 19, 20, 52, 32, 169773), 434.0, 0.0, 0.0, 0.99998676776886, 8360978)
(datetime.datetime(2021, 5, 19, 21, 7, 38, 394590), 437.0, 0.0, 0.0, 0.999985694885254, 8360978)
(datetime.datetime(2021, 5, 19, 21, 22, 44, 329363), 434.0, 0.0, 0.0, 0.99998676776886, 8360978)
(datetime.datetime(2021, 5, 19, 21, 37, 50, 390564), 431.0, 0.0, 0.0, 0.999987721443176, 8360978)
(datetime.datetime(2021, 5, 19, 21, 52, 57, 78481), 433.0, 0.0, 0.0, 0.999987125396729, 8360978)
(datetime.datetime(2021, 5, 19, 22, 8, 3, 553346), 433.0, 0.0, 0.0, 0.999987125396729, 8360978)
(datetime.datetime(2021, 5, 19, 22, 23, 9, 627808), 424.0, 0.0, 0.0, 0.99998950958252, 8360978)
(datetime.datetime(2021, 5, 19, 22, 38, 16, 226981), 422.0, 0.0, 0.0, 0.999990105628967, 8360978)
(datetime.datetime(2021, 5, 19, 22, 53, 22, 651106), 424.0, 0.0, 0.0, 0.99998950958252, 8360978)
(datetime.datetime(2021, 5, 19, 23, 8, 34, 911920), 431.0, 0.0, 0.0, 0.999987721443176, 8360978)
(datetime.datetime(2021, 5, 19, 23, 23, 42, 894018), 430.0, 0.0, 0.0, 0.999988079071045, 8360978)
(datetime.datetime(2021, 5, 19, 23, 38, 47, 901711), 430.0, 0.0, 0.0, 0.999988079071045, 8360978)
(datetime.datetime(2021, 5, 19, 23, 53, 55, 891892), 423.0, 0.0, 0.0, 0.999989867210388, 8360978)
(datetime.datetime(2021, 5, 20, 0, 10, 29, 162617), 426.0, 0.0, 0.0, 0.999989032745361, 8360978)
(datetime.datetime(2021, 5, 20, 0, 26, 26, 603332), 422.0, 0.0, 0.0, 0.999990105628967, 8360978)
(datetime.datetime(2021, 5, 20, 0, 41, 32, 967596), 422.0, 0.0, 0.0, 0.999990105628967, 8360978)
(datetime.datetime(2021, 5, 20, 0, 56, 39, 166258), 426.0, 0.0, 0.0, 0.999989032745361, 8360978)
(datetime.datetime(2021, 5, 20, 1, 11, 45, 470058), 423.0, 0.0, 0.0, 0.999989867210388, 8360978)
(datetime.datetime(2021, 5, 20, 1, 26, 51, 191471), 427.0, 0.0, 0.0, 0.999988794326782, 8360978)
(datetime.datetime(2021, 5, 20, 1, 41, 57, 873930), 431.0, 0.0, 0.0, 0.999987721443176, 8360978)
(datetime.datetime(2021, 5, 20, 1, 57, 4, 492240), 419.0, 0.0, 0.0, 0.999990701675415, 8360978)
(datetime.datetime(2021, 5, 20, 2, 12, 11, 432709), 426.0, 0.0, 0.0, 0.999989032745361, 8360978)
(datetime.datetime(2021, 5, 20, 2, 27, 18, 331904), 530.0, 7.0, 2.0, 0.997588992118835, 8360978)
(datetime.datetime(2021, 5, 20, 2, 42, 24, 15616), 966.0, 18.0, 4.0, 0.943605661392212, 8360978)
(datetime.datetime(2021, 5, 20, 2, 58, 1, 962054), 1187.0, 4.0, 2.0, 0.495559304952621, 8360978)
(datetime.datetime(2021, 5, 20, 3, 13, 9, 233978), 1287.0, 1.0, 3.0, 0.999480903148651, 8360978)
(datetime.datetime(2021, 5, 20, 3, 28, 16, 763982), 1373.0, 0.0, 3.0, 0.999701678752899, 8360978)
(datetime.datetime(2021, 5, 20, 3, 43, 23, 881641), 1452.0, 13.0, 1.0, 0.964656233787537, 8360978)
(datetime.datetime(2021, 5, 20, 3, 58, 30, 192751), 1145.0, 3.0, 3.0, 0.984760999679565, 8360978)
(datetime.datetime(2021, 5, 20, 4, 15, 2, 701537), 976.0, 0.0, 3.0, 0.999482870101929, 8360978)
(datetime.datetime(2021, 5, 20, 4, 30, 13, 173171), 1177.0, 3.0, 3.0, 0.98835164308548, 8360978)
(datetime.datetime(2021, 5, 20, 4, 45, 20, 205351), 1273.0, 7.0, 2.0, 0.764797449111938, 8360978)
(datetime.datetime(2021, 5, 20, 5, 0, 27, 225945), 1401.0, 0.0, 3.0, 0.999645233154297, 8360978)
(datetime.datetime(2021, 5, 20, 5, 16, 56, 663433), 1532.0, 1.0, 3.0, 0.996039628982544, 8360978)
(datetime.datetime(2021, 5, 20, 5, 32, 4, 13011), 1876.0, 10.0, 1.0, 0.998644530773163, 8360978)
(datetime.datetime(2021, 5, 20, 5, 47, 11, 507482), 2132.0, 0.0, 1.0, 0.863024532794952, 8360978)
(datetime.datetime(2021, 5, 20, 6, 2, 17, 756253), 2003.0, 0.0, 1.0, 0.502941846847534, 8360978)
(datetime.datetime(2021, 5, 20, 6, 17, 22, 639286), 900.0, 11.0, 2.0, 0.993307590484619, 8360978)
(datetime.datetime(2021, 5, 20, 6, 32, 26, 930986), 1086.0, 3.0, 3.0, 0.967943727970123, 8360978)
(datetime.datetime(2021, 5, 20, 6, 47, 33, 207744), 1064.0, 5.0, 2.0, 0.981611013412476, 8360978)
(datetime.datetime(2021, 5, 20, 7, 2, 38, 134507), 987.0, 5.0, 2.0, 0.993858397006989, 8360978)
(datetime.datetime(2021, 5, 20, 7, 17, 43, 732696), 709.0, 2.0, 2.0, 0.886983156204224, 8360978)
(datetime.datetime(2021, 5, 20, 7, 32, 48, 941864), 832.0, 0.0, 3.0, 0.998919367790222, 8360978)
(datetime.datetime(2021, 5, 20, 7, 47, 54, 184405), 847.0, 0.0, 3.0, 0.99900609254837, 8360978)
(datetime.datetime(2021, 5, 20, 8, 2, 58, 930015), 871.0, 0.0, 3.0, 0.999126851558685, 8360978)
(datetime.datetime(2021, 5, 20, 8, 18, 4, 57844), 722.0, 0.0, 3.0, 0.997729003429413, 8360978)
(datetime.datetime(2021, 5, 20, 8, 33, 10, 45895), 630.0, 0.0, 3.0, 0.987305223941803, 8360978)
(datetime.datetime(2021, 5, 20, 8, 48, 17, 565300), 568.0, 0.0, 0.0, 0.644714593887329, 8360978)
(datetime.datetime(2021, 5, 20, 9, 3, 23, 780609), 528.0, 0.0, 0.0, 0.997352242469788, 8360978)
(datetime.datetime(2021, 5, 20, 9, 18, 30, 156025), 477.0, 13.0, 2.0, 0.964428305625916, 8360978)
(datetime.datetime(2021, 5, 20, 9, 33, 47, 90259), 448.0, 1.0, 0.0, 0.999640226364136, 8360978)
(datetime.datetime(2021, 5, 20, 9, 48, 52, 826866), 567.0, 17.0, 4.0, 0.739106237888336, 8360978)
(datetime.datetime(2021, 5, 20, 10, 4, 0, 218230), 689.0, 10.0, 2.0, 0.996087670326233, 8360978)
(datetime.datetime(2021, 5, 20, 10, 19, 5, 851038), 817.0, 2.0, 3.0, 0.95812726020813, 8360978)
(datetime.datetime(2021, 5, 20, 10, 34, 10, 643377), 859.0, 3.0, 2.0, 0.969931840896606, 8360978)
(datetime.datetime(2021, 5, 20, 10, 49, 15, 926366), 675.0, 0.0, 3.0, 0.996214091777802, 8360978)
(datetime.datetime(2021, 5, 20, 11, 4, 23, 59287), 566.0, 0.0, 0.0, 0.695608377456665, 8360978)
(datetime.datetime(2021, 5, 20, 11, 19, 30, 401785), 526.0, 0.0, 0.0, 0.997863829135895, 8360978)
(datetime.datetime(2021, 5, 20, 11, 34, 37, 581187), 486.0, 0.0, 0.0, 0.999894022941589, 8360978)
(datetime.datetime(2021, 5, 20, 11, 49, 42, 638752), 459.0, 0.0, 0.0, 0.999970078468323, 8360978)
(datetime.datetime(2021, 5, 20, 12, 4, 48, 737529), 444.0, 0.0, 0.0, 0.999982833862305, 8360978)
(datetime.datetime(2021, 5, 20, 12, 19, 53, 892280), 431.0, 0.0, 0.0, 0.999987721443176, 8360978)
(datetime.datetime(2021, 5, 20, 12, 35, 0, 172330), 424.0, 0.0, 0.0, 0.99998950958252, 8360978)
(datetime.datetime(2021, 5, 20, 12, 50, 6, 479899), 422.0, 0.0, 0.0, 0.999990105628967, 8360978)
(datetime.datetime(2021, 5, 20, 13, 5, 12, 664823), 420.0, 0.0, 0.0, 0.999990463256836, 8360978)
(datetime.datetime(2021, 5, 20, 13, 20, 19, 495952), 425.0, 0.0, 0.0, 0.99998927116394, 8360978)
(datetime.datetime(2021, 5, 20, 13, 35, 37, 105155), 449.0, 7.0, 2.0, 0.997511267662048, 8360978)
(datetime.datetime(2021, 5, 20, 13, 51, 47, 945081), 443.0, 0.0, 0.0, 0.999983310699463, 8360978)
(datetime.datetime(2021, 5, 20, 14, 6, 53, 334647), 447.0, 0.0, 0.0, 0.999981164932251, 8360978)
(datetime.datetime(2021, 5, 20, 14, 21, 59, 173951), 446.0, 0.0, 0.0, 0.999981760978699, 8360978)
(datetime.datetime(2021, 5, 20, 14, 37, 6, 482491), 440.0, 0.0, 0.0, 0.999984622001648, 8360978)
(datetime.datetime(2021, 5, 20, 14, 52, 13, 659204), 442.0, 0.0, 0.0, 0.999983787536621, 8360978)
(datetime.datetime(2021, 5, 20, 15, 7, 21, 432192), 449.0, 0.0, 0.0, 0.999979853630066, 8360978)
(datetime.datetime(2021, 5, 20, 15, 22, 28, 603774), 444.0, 0.0, 0.0, 0.999982833862305, 8360978)
(datetime.datetime(2021, 5, 20, 15, 37, 34, 645967), 449.0, 0.0, 0.0, 0.999979853630066, 8360978)
(datetime.datetime(2021, 5, 20, 15, 52, 39, 796109), 450.0, 0.0, 0.0, 0.999979019165039, 8360978)
(datetime.datetime(2021, 5, 20, 16, 7, 45, 582908), 445.0, 0.0, 0.0, 0.999982357025146, 8360978)
(datetime.datetime(2021, 5, 20, 16, 22, 51, 227245), 446.0, 0.0, 0.0, 0.999981760978699, 8360978)
(datetime.datetime(2021, 5, 20, 16, 37, 56, 219918), 444.0, 0.0, 0.0, 0.999982833862305, 8360978)
(datetime.datetime(2021, 5, 20, 16, 53, 1, 80015), 449.0, 0.0, 0.0, 0.999979853630066, 8360978)
(datetime.datetime(2021, 5, 20, 17, 8, 7, 146046), 444.0, 0.0, 0.0, 0.999982833862305, 8360978)
(datetime.datetime(2021, 5, 20, 17, 23, 13, 611422), 444.0, 0.0, 0.0, 0.999982833862305, 8360978)
(datetime.datetime(2021, 5, 20, 17, 38, 19, 184078), 444.0, 0.0, 0.0, 0.999982833862305, 8360978)
(datetime.datetime(2021, 5, 20, 17, 53, 25, 980363), 447.0, 0.0, 0.0, 0.999981164932251, 8360978)
(datetime.datetime(2021, 5, 20, 18, 8, 31, 104858), 448.0, 0.0, 0.0, 0.999980568885803, 8360978)
(datetime.datetime(2021, 5, 20, 18, 23, 36, 117250), 442.0, 0.0, 0.0, 0.999983787536621, 8360978)
(datetime.datetime(2021, 5, 20, 18, 38, 40, 606680), 442.0, 0.0, 0.0, 0.999983787536621, 8360978)
(datetime.datetime(2021, 5, 20, 18, 53, 46, 253270), 444.0, 0.0, 0.0, 0.999982833862305, 8360978)
(datetime.datetime(2021, 5, 20, 19, 9, 12, 708716), 447.0, 0.0, 0.0, 0.999981164932251, 8360978)
(datetime.datetime(2021, 5, 20, 19, 24, 19, 161061), 446.0, 0.0, 0.0, 0.999981760978699, 8360978)
(datetime.datetime(2021, 5, 20, 19, 39, 25, 205871), 450.0, 0.0, 0.0, 0.999979019165039, 8360978)
(datetime.datetime(2021, 5, 20, 19, 54, 31, 183892), 444.0, 0.0, 0.0, 0.999982833862305, 8360978)
(datetime.datetime(2021, 5, 20, 20, 9, 37, 977954), 442.0, 0.0, 0.0, 0.999983787536621, 8360978)
(datetime.datetime(2021, 5, 20, 20, 26, 38, 224453), 440.0, 0.0, 0.0, 0.999984622001648, 8360978)
(datetime.datetime(2021, 5, 20, 20, 41, 43, 732077), 436.0, 0.0, 0.0, 0.999986171722412, 8360978)
(datetime.datetime(2021, 5, 20, 20, 56, 49, 484669), 434.0, 0.0, 0.0, 0.99998676776886, 8360978)
(datetime.datetime(2021, 5, 20, 21, 11, 56, 308560), 438.0, 0.0, 0.0, 0.999985337257385, 8360978)
(datetime.datetime(2021, 5, 20, 21, 27, 3, 382431), 436.0, 0.0, 0.0, 0.999986171722412, 8360978)
(datetime.datetime(2021, 5, 20, 21, 42, 9, 228937), 442.0, 0.0, 0.0, 0.999983787536621, 8360978)
(datetime.datetime(2021, 5, 20, 21, 57, 14, 683064), 436.0, 0.0, 0.0, 0.999986171722412, 8360978)
(datetime.datetime(2021, 5, 20, 22, 12, 21, 151684), 434.0, 0.0, 0.0, 0.99998676776886, 8360978)
(datetime.datetime(2021, 5, 20, 22, 27, 26, 737675), 433.0, 0.0, 0.0, 0.999987125396729, 8360978)
(datetime.datetime(2021, 5, 20, 22, 42, 32, 483745), 433.0, 0.0, 0.0, 0.999987125396729, 8360978)
(datetime.datetime(2021, 5, 20, 22, 57, 39, 31117), 437.0, 0.0, 0.0, 0.999985694885254, 8360978)
(datetime.datetime(2021, 5, 20, 23, 12, 47, 393761), 433.0, 0.0, 0.0, 0.999987125396729, 8360978)
(datetime.datetime(2021, 5, 20, 23, 27, 53, 442982), 434.0, 0.0, 0.0, 0.99998676776886, 8360978)
(datetime.datetime(2021, 5, 20, 23, 47, 30, 995045), 436.0, 0.0, 0.0, 0.999986171722412, 8360978)
(datetime.datetime(2021, 5, 21, 0, 2, 38, 885415), 439.0, 0.0, 0.0, 0.999984979629517, 8360978)
(datetime.datetime(2021, 5, 21, 0, 17, 44, 590419), 440.0, 0.0, 0.0, 0.999984622001648, 8360978)
(datetime.datetime(2021, 5, 21, 0, 32, 50, 558639), 439.0, 0.0, 0.0, 0.999984979629517, 8360978)
(datetime.datetime(2021, 5, 21, 0, 47, 56, 810790), 443.0, 0.0, 0.0, 0.999983310699463, 8360978)
(datetime.datetime(2021, 5, 21, 1, 3, 3, 199820), 438.0, 0.0, 0.0, 0.999985337257385, 8360978)
(datetime.datetime(2021, 5, 21, 1, 18, 9, 290669), 441.0, 0.0, 0.0, 0.999984264373779, 8360978)
(datetime.datetime(2021, 5, 21, 1, 34, 6, 954736), 439.0, 0.0, 0.0, 0.999984979629517, 8360978)
(datetime.datetime(2021, 5, 21, 1, 49, 12, 625674), 439.0, 0.0, 0.0, 0.999984979629517, 8360978)
(datetime.datetime(2021, 5, 21, 2, 4, 19, 222697), 439.0, 0.0, 0.0, 0.999984979629517, 8360978)
(datetime.datetime(2021, 5, 21, 2, 19, 26, 96796), 441.0, 0.0, 0.0, 0.999984264373779, 8360978)
(datetime.datetime(2021, 5, 21, 2, 34, 40, 841113), 886.0, 17.0, 4.0, 0.861507415771484, 8360978)
(datetime.datetime(2021, 5, 21, 2, 49, 46, 646488), 1003.0, 10.0, 2.0, 0.995321214199066, 8360978)
(datetime.datetime(2021, 5, 21, 3, 4, 51, 590778), 859.0, 10.0, 2.0, 0.996252655982971, 8360978)
(datetime.datetime(2021, 5, 21, 3, 19, 59, 29099), 885.0, 7.0, 2.0, 0.997798085212708, 8360978)
(datetime.datetime(2021, 5, 21, 3, 35, 6, 418744), 965.0, 11.0, 2.0, 0.992903172969818, 8360978)
(datetime.datetime(2021, 5, 21, 3, 50, 14, 76185), 1154.0, 3.0, 3.0, 0.985963642597198, 8360978)
(datetime.datetime(2021, 5, 21, 4, 5, 18, 942656), 1338.0, 1.0, 3.0, 0.999363124370575, 8360978)
(datetime.datetime(2021, 5, 21, 4, 20, 49, 240407), 1496.0, 5.0, 1.0, 0.929625630378723, 8360978)
(datetime.datetime(2021, 5, 21, 4, 35, 54, 68206), 1616.0, 1.0, 3.0, 0.987827777862549, 8360978)
(datetime.datetime(2021, 5, 21, 4, 51, 0, 89368), 1754.0, 6.0, 1.0, 0.99542099237442, 8360978)
(datetime.datetime(2021, 5, 21, 5, 6, 7, 733679), 1835.0, 15.0, 1.0, 0.996187031269073, 8360978)
(datetime.datetime(2021, 5, 21, 5, 21, 13, 894638), 1865.0, 16.0, 1.0, 0.995747148990631, 8360978)
(datetime.datetime(2021, 5, 21, 5, 36, 20, 351119), 1612.0, 4.0, 1.0, 0.862335026264191, 8360978)
(datetime.datetime(2021, 5, 21, 5, 51, 39, 531423), 1185.0, 0.0, 3.0, 0.999763906002045, 8360978)
(datetime.datetime(2021, 5, 21, 6, 6, 45, 603115), 922.0, 1.0, 3.0, 0.998453259468079, 8360978)
(datetime.datetime(2021, 5, 21, 6, 22, 40, 149752), 824.0, 16.0, 4.0, 0.679801821708679, 8360978)
(datetime.datetime(2021, 5, 21, 6, 37, 46, 177029), 469.0, 1.0, 0.0, 0.999338209629059, 8360978)
(datetime.datetime(2021, 5, 21, 6, 52, 51, 578637), 454.0, 5.0, 2.0, 0.997506320476532, 8360978)
(datetime.datetime(2021, 5, 21, 7, 7, 56, 963193), 529.0, 11.0, 2.0, 0.992967963218689, 8360978)
(datetime.datetime(2021, 5, 21, 7, 23, 2, 952841), 712.0, 0.0, 3.0, 0.997524559497833, 8360978)
(datetime.datetime(2021, 5, 21, 7, 38, 8, 785327), 749.0, 0.0, 3.0, 0.998152554035187, 8360978)
(datetime.datetime(2021, 5, 21, 7, 53, 14, 845170), 881.0, 0.0, 3.0, 0.999171614646912, 8360978)
(datetime.datetime(2021, 5, 21, 8, 8, 20, 425455), 857.0, 14.0, 2.0, 0.789548456668854, 8360978)
(datetime.datetime(2021, 5, 21, 8, 26, 16, 675043), 805.0, 0.0, 3.0, 0.998726308345795, 8360978)
(datetime.datetime(2021, 5, 21, 8, 41, 22, 430799), 591.0, 0.0, 3.0, 0.843072712421417, 8360978)
(datetime.datetime(2021, 5, 21, 8, 56, 28, 405769), 514.0, 0.0, 0.0, 0.99930477142334, 8360978)
(datetime.datetime(2021, 5, 21, 9, 11, 34, 527281), 636.0, 12.0, 2.0, 0.983945071697235, 8360978)
(datetime.datetime(2021, 5, 21, 9, 26, 41, 594813), 814.0, 15.0, 2.0, 0.564167201519012, 8360978)
(datetime.datetime(2021, 5, 21, 9, 41, 49, 110241), 838.0, 7.0, 2.0, 0.997844815254211, 8360978)
(datetime.datetime(2021, 5, 21, 9, 56, 55, 981144), 624.0, 11.0, 2.0, 0.992910921573639, 8360978)
(datetime.datetime(2021, 5, 21, 10, 12, 2, 280978), 831.0, 18.0, 4.0, 0.925638914108276, 8360978)
(datetime.datetime(2021, 5, 21, 10, 27, 9, 1661), 1017.0, 18.0, 4.0, 0.948409616947174, 8360978)
(datetime.datetime(2021, 5, 21, 10, 42, 15, 563063), 715.0, 0.0, 3.0, 0.9975905418396, 8360978)
(datetime.datetime(2021, 5, 21, 10, 57, 21, 738486), 605.0, 0.0, 3.0, 0.945146501064301, 8360978)
(datetime.datetime(2021, 5, 21, 11, 12, 27, 354429), 530.0, 0.0, 0.0, 0.996698915958405, 8360978)
(datetime.datetime(2021, 5, 21, 11, 30, 37, 44123), 497.0, 0.0, 0.0, 0.99979704618454, 8360978)
(datetime.datetime(2021, 5, 21, 11, 45, 43, 75710), 463.0, 0.0, 0.0, 0.999964714050293, 8360978)
(datetime.datetime(2021, 5, 21, 12, 0, 49, 479769), 449.0, 1.0, 0.0, 0.999630570411682, 8360978)
(datetime.datetime(2021, 5, 21, 12, 15, 54, 495053), 445.0, 0.0, 0.0, 0.999982357025146, 8360978)
(datetime.datetime(2021, 5, 21, 12, 30, 59, 924043), 449.0, 0.0, 0.0, 0.999979853630066, 8360978)
(datetime.datetime(2021, 5, 21, 12, 46, 6, 755674), 452.0, 0.0, 0.0, 0.999977350234985, 8360978)
(datetime.datetime(2021, 5, 21, 13, 1, 10, 768176), 456.0, 0.0, 0.0, 0.99997353553772, 8360978)
(datetime.datetime(2021, 5, 21, 13, 16, 16, 948053), 455.0, 0.0, 0.0, 0.999974489212036, 8360978)
(datetime.datetime(2021, 5, 21, 13, 31, 22, 984618), 456.0, 0.0, 0.0, 0.99997353553772, 8360978)
(datetime.datetime(2021, 5, 21, 13, 46, 29, 187476), 525.0, 0.0, 0.0, 0.998080968856812, 8360978)
(datetime.datetime(2021, 5, 21, 14, 1, 35, 492805), 523.0, 3.0, 2.0, 0.99682092666626, 8360978)
(datetime.datetime(2021, 5, 21, 14, 16, 42, 369076), 522.0, 0.0, 0.0, 0.998579978942871, 8360978)
(datetime.datetime(2021, 5, 21, 14, 31, 49, 224396), 523.0, 0.0, 0.0, 0.998433887958527, 8360978)
(datetime.datetime(2021, 5, 21, 14, 46, 55, 376747), 511.0, 0.0, 0.0, 0.999452412128448, 8360978)
(datetime.datetime(2021, 5, 21, 15, 2, 1, 226667), 506.0, 0.0, 0.0, 0.999622583389282, 8360978)
(datetime.datetime(2021, 5, 21, 15, 17, 7, 38188), 510.0, 0.0, 0.0, 0.999492883682251, 8360978)
(datetime.datetime(2021, 5, 21, 15, 32, 13, 405607), 503.0, 0.0, 0.0, 0.99969470500946, 8360978)
(datetime.datetime(2021, 5, 21, 15, 47, 18, 496687), 497.0, 0.0, 0.0, 0.99979704618454, 8360978)
(datetime.datetime(2021, 5, 21, 16, 2, 23, 196418), 495.0, 0.0, 0.0, 0.999821126461029, 8360978)
(datetime.datetime(2021, 5, 21, 16, 17, 28, 541000), 496.0, 0.0, 0.0, 0.999809563159943, 8360978)
(datetime.datetime(2021, 5, 21, 16, 32, 35, 40902), 491.0, 0.0, 0.0, 0.999859213829041, 8360978)
(datetime.datetime(2021, 5, 21, 16, 47, 41, 123637), 481.0, 0.0, 0.0, 0.999919176101685, 8360978)
(datetime.datetime(2021, 5, 21, 17, 2, 47, 104191), 479.0, 0.0, 0.0, 0.999927163124084, 8360978)
(datetime.datetime(2021, 5, 21, 17, 17, 52, 768901), 478.0, 0.0, 0.0, 0.999930620193481, 8360978)
(datetime.datetime(2021, 5, 21, 17, 32, 58, 565105), 481.0, 0.0, 0.0, 0.999919176101685, 8360978)
(datetime.datetime(2021, 5, 21, 17, 48, 4, 140203), 468.0, 0.0, 0.0, 0.999956130981445, 8360978)
(datetime.datetime(2021, 5, 21, 18, 3, 10, 819338), 466.0, 0.0, 0.0, 0.999959826469421, 8360978)
(datetime.datetime(2021, 5, 21, 18, 18, 16, 789274), 466.0, 0.0, 0.0, 0.999959826469421, 8360978)
(datetime.datetime(2021, 5, 21, 18, 33, 22, 749851), 465.0, 0.0, 0.0, 0.999961495399475, 8360978)
(datetime.datetime(2021, 5, 21, 18, 48, 28, 449958), 458.0, 0.0, 0.0, 0.999971270561218, 8360978)
(datetime.datetime(2021, 5, 21, 19, 3, 34, 37495), 459.0, 0.0, 0.0, 0.999970078468323, 8360978)
(datetime.datetime(2021, 5, 21, 19, 18, 40, 7373), 464.0, 0.0, 0.0, 0.999963164329529, 8360978)
(datetime.datetime(2021, 5, 21, 19, 33, 46, 366117), 466.0, 0.0, 0.0, 0.999959826469421, 8360978)
(datetime.datetime(2021, 5, 21, 19, 48, 50, 317334), 460.0, 0.0, 0.0, 0.999968886375427, 8360978)
(datetime.datetime(2021, 5, 21, 20, 3, 55, 14680), 457.0, 0.0, 0.0, 0.999972343444824, 8360978)
(datetime.datetime(2021, 5, 21, 20, 21, 40, 850503), 453.0, 0.0, 0.0, 0.999976396560669, 8360978)
(datetime.datetime(2021, 5, 21, 20, 36, 47, 826408), 449.0, 0.0, 0.0, 0.999979853630066, 8360978)
(datetime.datetime(2021, 5, 21, 20, 51, 54, 106575), 448.0, 0.0, 0.0, 0.999980568885803, 8360978)
(datetime.datetime(2021, 5, 21, 21, 7, 0, 465396), 444.0, 0.0, 0.0, 0.999982833862305, 8360978)
(datetime.datetime(2021, 5, 21, 21, 22, 6, 815012), 444.0, 0.0, 0.0, 0.999982833862305, 8360978)
(datetime.datetime(2021, 5, 21, 21, 37, 13, 400156), 446.0, 0.0, 0.0, 0.999981760978699, 8360978)
(datetime.datetime(2021, 5, 21, 21, 52, 18, 145162), 440.0, 0.0, 0.0, 0.999984622001648, 8360978)
(datetime.datetime(2021, 5, 21, 22, 7, 23, 925022), 441.0, 0.0, 0.0, 0.999984264373779, 8360978)
(datetime.datetime(2021, 5, 21, 22, 22, 30, 821599), 435.0, 0.0, 0.0, 0.999986529350281, 8360978)
(datetime.datetime(2021, 5, 21, 22, 37, 37, 328410), 438.0, 0.0, 0.0, 0.999985337257385, 8360978)
(datetime.datetime(2021, 5, 21, 22, 52, 43, 462796), 440.0, 0.0, 0.0, 0.999984622001648, 8360978)
(datetime.datetime(2021, 5, 21, 23, 7, 50, 672948), 441.0, 0.0, 0.0, 0.999984264373779, 8360978)
(datetime.datetime(2021, 5, 21, 23, 23, 29, 243208), 436.0, 0.0, 0.0, 0.999986171722412, 8360978)
(datetime.datetime(2021, 5, 21, 23, 38, 36, 191544), 438.0, 0.0, 0.0, 0.999985337257385, 8360978)
(datetime.datetime(2021, 5, 21, 23, 53, 41, 196270), 431.0, 0.0, 0.0, 0.999987721443176, 8360978)
(datetime.datetime(2021, 5, 22, 0, 9, 47, 61996), 436.0, 0.0, 0.0, 0.999986171722412, 8360978)
(datetime.datetime(2021, 5, 22, 0, 24, 53, 388161), 434.0, 0.0, 0.0, 0.99998676776886, 8360978)
(datetime.datetime(2021, 5, 22, 0, 40, 1, 225945), 428.0, 0.0, 0.0, 0.999988555908203, 8360978)
(datetime.datetime(2021, 5, 22, 0, 55, 52, 851538), 427.0, 0.0, 0.0, 0.999988794326782, 8360978)
(datetime.datetime(2021, 5, 22, 1, 10, 58, 49061), 420.0, 0.0, 0.0, 0.999990463256836, 8360978)
(datetime.datetime(2021, 5, 22, 1, 26, 3, 995005), 418.0, 0.0, 0.0, 0.999990820884705, 8360978)
(datetime.datetime(2021, 5, 22, 1, 41, 10, 965540), 419.0, 0.0, 0.0, 0.999990701675415, 8360978)
(datetime.datetime(2021, 5, 22, 1, 56, 16, 728475), 422.0, 0.0, 0.0, 0.999990105628967, 8360978)
(datetime.datetime(2021, 5, 22, 2, 11, 22, 676827), 425.0, 0.0, 0.0, 0.99998927116394, 8360978)
(datetime.datetime(2021, 5, 22, 2, 26, 28, 802908), 428.0, 0.0, 0.0, 0.999988555908203, 8360978)
(datetime.datetime(2021, 5, 22, 2, 42, 49, 973819), 417.0, 0.0, 0.0, 0.999990940093994, 8360978)
(datetime.datetime(2021, 5, 22, 2, 57, 54, 955338), 417.0, 0.0, 0.0, 0.999990940093994, 8360978)
(datetime.datetime(2021, 5, 22, 3, 13, 1, 882524), 418.0, 0.0, 0.0, 0.999990820884705, 8360978)
(datetime.datetime(2021, 5, 22, 3, 28, 7, 230803), 422.0, 0.0, 0.0, 0.999990105628967, 8360978)
(datetime.datetime(2021, 5, 22, 3, 43, 13, 346801), 417.0, 0.0, 0.0, 0.999990940093994, 8360978)
(datetime.datetime(2021, 5, 22, 3, 58, 20, 73022), 416.0, 0.0, 0.0, 0.999991178512573, 8360978)
(datetime.datetime(2021, 5, 22, 4, 13, 26, 810188), 415.0, 0.0, 0.0, 0.999991297721863, 8360978)
(datetime.datetime(2021, 5, 22, 4, 28, 32, 509982), 417.0, 0.0, 0.0, 0.999990940093994, 8360978)
(datetime.datetime(2021, 5, 22, 4, 43, 40, 610516), 416.0, 0.0, 0.0, 0.999991178512573, 8360978)
(datetime.datetime(2021, 5, 22, 4, 58, 48, 34737), 412.0, 0.0, 0.0, 0.999991893768311, 8360978)
(datetime.datetime(2021, 5, 22, 5, 13, 54, 555882), 413.0, 0.0, 0.0, 0.999991774559021, 8360978)
(datetime.datetime(2021, 5, 22, 5, 28, 59, 397151), 411.0, 0.0, 0.0, 0.9999920129776, 8360978)
(datetime.datetime(2021, 5, 22, 5, 45, 54, 781816), 409.0, 0.0, 0.0, 0.999992251396179, 8360978)
(datetime.datetime(2021, 5, 22, 6, 1, 1, 606955), 408.0, 0.0, 0.0, 0.999992370605469, 8360978)
(datetime.datetime(2021, 5, 22, 6, 16, 7, 566824), 408.0, 0.0, 0.0, 0.999992370605469, 8360978)
(datetime.datetime(2021, 5, 22, 6, 31, 13, 620965), 403.0, 0.0, 0.0, 0.999992966651917, 8360978)
(datetime.datetime(2021, 5, 22, 6, 46, 20, 96649), 399.0, 0.0, 0.0, 0.999993562698364, 8360978)
(datetime.datetime(2021, 5, 22, 7, 1, 26, 567062), 406.0, 0.0, 0.0, 0.999992609024048, 8360978)
(datetime.datetime(2021, 5, 22, 7, 16, 32, 212932), 407.0, 0.0, 0.0, 0.999992489814758, 8360978)
(datetime.datetime(2021, 5, 22, 7, 31, 37, 166801), 409.0, 0.0, 0.0, 0.999992251396179, 8360978)
(datetime.datetime(2021, 5, 22, 7, 46, 42, 327374), 407.0, 0.0, 0.0, 0.999992489814758, 8360978)
(datetime.datetime(2021, 5, 22, 8, 1, 48, 693402), 402.0, 0.0, 0.0, 0.999993085861206, 8360978)
(datetime.datetime(2021, 5, 22, 8, 16, 53, 915265), 405.0, 0.0, 0.0, 0.999992728233337, 8360978)
(datetime.datetime(2021, 5, 22, 8, 32, 1, 240234), 410.0, 0.0, 0.0, 0.99999213218689, 8360978)
(datetime.datetime(2021, 5, 22, 8, 51, 21, 121033), 409.0, 0.0, 0.0, 0.999992251396179, 8360978)
(datetime.datetime(2021, 5, 22, 9, 6, 26, 879432), 405.0, 0.0, 0.0, 0.999992728233337, 8360978)
(datetime.datetime(2021, 5, 22, 9, 21, 33, 270608), 399.0, 0.0, 0.0, 0.999993562698364, 8360978)
(datetime.datetime(2021, 5, 22, 9, 36, 40, 160113), 396.0, 0.0, 0.0, 0.999993801116943, 8360978)
(datetime.datetime(2021, 5, 22, 9, 51, 52, 620967), 400.0, 0.0, 0.0, 0.999993443489075, 8360978)
(datetime.datetime(2021, 5, 22, 10, 6, 59, 189383), 401.0, 0.0, 0.0, 0.999993324279785, 8360978)
(datetime.datetime(2021, 5, 22, 10, 22, 5, 858225), 400.0, 0.0, 0.0, 0.999993443489075, 8360978)
(datetime.datetime(2021, 5, 22, 10, 37, 10, 899228), 396.0, 0.0, 0.0, 0.999993801116943, 8360978)
(datetime.datetime(2021, 5, 22, 10, 52, 17, 643290), 395.0, 0.0, 0.0, 0.999993920326233, 8360978)
(datetime.datetime(2021, 5, 22, 11, 7, 24, 46853), 394.0, 0.0, 0.0, 0.999994039535522, 8360978)
(datetime.datetime(2021, 5, 22, 11, 22, 29, 370435), 398.0, 0.0, 0.0, 0.999993681907654, 8360978)
(datetime.datetime(2021, 5, 22, 11, 37, 37, 62951), 402.0, 0.0, 0.0, 0.999993085861206, 8360978)
(datetime.datetime(2021, 5, 22, 11, 52, 42, 457869), 389.0, 0.0, 0.0, 0.999994397163391, 8360978)
(datetime.datetime(2021, 5, 22, 12, 7, 47, 295480), 394.0, 0.0, 0.0, 0.999994039535522, 8360978)
(datetime.datetime(2021, 5, 22, 12, 22, 52, 217741), 392.0, 0.0, 0.0, 0.999994158744812, 8360978)
(datetime.datetime(2021, 5, 22, 12, 37, 58, 537934), 399.0, 0.0, 0.0, 0.999993562698364, 8360978)
(datetime.datetime(2021, 5, 22, 12, 53, 4, 701828), 399.0, 0.0, 0.0, 0.999993562698364, 8360978)
(datetime.datetime(2021, 5, 22, 13, 8, 10, 567147), 398.0, 0.0, 0.0, 0.999993681907654, 8360978)
(datetime.datetime(2021, 5, 22, 13, 23, 17, 251807), 399.0, 0.0, 0.0, 0.999993562698364, 8360978)
(datetime.datetime(2021, 5, 22, 13, 38, 23, 849893), 404.0, 0.0, 0.0, 0.999992847442627, 8360978)
(datetime.datetime(2021, 5, 22, 13, 53, 28, 876870), 396.0, 0.0, 0.0, 0.999993801116943, 8360978)
(datetime.datetime(2021, 5, 22, 14, 11, 26, 276479), 395.0, 0.0, 0.0, 0.999993920326233, 8360978)
(datetime.datetime(2021, 5, 22, 14, 26, 32, 675866), 395.0, 0.0, 0.0, 0.999993920326233, 8360978)
(datetime.datetime(2021, 5, 22, 14, 41, 38, 388088), 401.0, 0.0, 0.0, 0.999993324279785, 8360978)
(datetime.datetime(2021, 5, 22, 14, 56, 44, 265798), 401.0, 0.0, 0.0, 0.999993324279785, 8360978)
(datetime.datetime(2021, 5, 22, 15, 14, 55, 641791), 399.0, 0.0, 0.0, 0.999993562698364, 8360978)
(datetime.datetime(2021, 5, 22, 15, 30, 2, 306163), 395.0, 0.0, 0.0, 0.999993920326233, 8360978)
(datetime.datetime(2021, 5, 22, 15, 45, 9, 342631), 389.0, 0.0, 0.0, 0.999994397163391, 8360978)
(datetime.datetime(2021, 5, 22, 16, 0, 16, 256509), 389.0, 0.0, 0.0, 0.999994397163391, 8360978)
(datetime.datetime(2021, 5, 22, 16, 15, 22, 769111), 388.0, 0.0, 0.0, 0.999994516372681, 8360978)
(datetime.datetime(2021, 5, 22, 16, 30, 28, 194957), 392.0, 0.0, 0.0, 0.999994158744812, 8360978)
(datetime.datetime(2021, 5, 22, 16, 45, 33, 886930), 388.0, 0.0, 0.0, 0.999994516372681, 8360978)
(datetime.datetime(2021, 5, 22, 17, 1, 19, 611952), 389.0, 0.0, 0.0, 0.999994397163391, 8360978)
(datetime.datetime(2021, 5, 22, 17, 16, 25, 586258), 394.0, 0.0, 0.0, 0.999994039535522, 8360978)
(datetime.datetime(2021, 5, 22, 17, 31, 30, 602002), 394.0, 0.0, 0.0, 0.999994039535522, 8360978)
(datetime.datetime(2021, 5, 22, 17, 50, 37, 851778), 394.0, 0.0, 0.0, 0.999994039535522, 8360978)
(datetime.datetime(2021, 5, 22, 18, 5, 43, 79298), 386.0, 0.0, 0.0, 0.99999463558197, 8360978)
(datetime.datetime(2021, 5, 22, 18, 20, 49, 549837), 391.0, 0.0, 0.0, 0.999994277954102, 8360978)
(datetime.datetime(2021, 5, 22, 18, 35, 54, 724916), 387.0, 0.0, 0.0, 0.99999463558197, 8360978)
(datetime.datetime(2021, 5, 22, 18, 51, 0, 25515), 395.0, 0.0, 0.0, 0.999993920326233, 8360978)
(datetime.datetime(2021, 5, 22, 19, 6, 6, 349594), 387.0, 0.0, 0.0, 0.99999463558197, 8360978)
(datetime.datetime(2021, 5, 22, 19, 21, 12, 861603), 388.0, 0.0, 0.0, 0.999994516372681, 8360978)
(datetime.datetime(2021, 5, 22, 19, 36, 19, 368914), 383.0, 0.0, 0.0, 0.999994993209839, 8360978)
(datetime.datetime(2021, 5, 22, 19, 52, 44, 979537), 380.0, 0.0, 0.0, 0.999995231628418, 8360978)
(datetime.datetime(2021, 5, 22, 20, 7, 50, 674682), 386.0, 0.0, 0.0, 0.99999463558197, 8360978)
(datetime.datetime(2021, 5, 22, 20, 22, 56, 222005), 384.0, 0.0, 0.0, 0.999994993209839, 8360978)
(datetime.datetime(2021, 5, 22, 20, 38, 2, 161766), 388.0, 0.0, 0.0, 0.999994516372681, 8360978)
(datetime.datetime(2021, 5, 22, 20, 53, 8, 116117), 388.0, 0.0, 0.0, 0.999994516372681, 8360978)
(datetime.datetime(2021, 5, 22, 21, 8, 15, 257264), 391.0, 0.0, 0.0, 0.999994277954102, 8360978)
(datetime.datetime(2021, 5, 22, 21, 23, 20, 412981), 393.0, 0.0, 0.0, 0.999994158744812, 8360978)
(datetime.datetime(2021, 5, 22, 21, 38, 26, 370717), 391.0, 0.0, 0.0, 0.999994277954102, 8360978)
(datetime.datetime(2021, 5, 22, 21, 53, 32, 478729), 395.0, 0.0, 0.0, 0.999993920326233, 8360978)
(datetime.datetime(2021, 5, 22, 22, 9, 38, 976470), 388.0, 0.0, 0.0, 0.999994516372681, 8360978)
(datetime.datetime(2021, 5, 22, 22, 24, 44, 705771), 395.0, 0.0, 0.0, 0.999993920326233, 8360978)
(datetime.datetime(2021, 5, 22, 22, 39, 49, 132653), 394.0, 0.0, 0.0, 0.999994039535522, 8360978)
(datetime.datetime(2021, 5, 22, 22, 54, 54, 541776), 396.0, 0.0, 0.0, 0.999993801116943, 8360978)
(datetime.datetime(2021, 5, 22, 23, 10, 0, 776919), 396.0, 0.0, 0.0, 0.999993801116943, 8360978)
(datetime.datetime(2021, 5, 22, 23, 25, 7, 558132), 393.0, 0.0, 0.0, 0.999994158744812, 8360978)
(datetime.datetime(2021, 5, 22, 23, 44, 41, 776747), 394.0, 0.0, 0.0, 0.999994039535522, 8360978)
(datetime.datetime(2021, 5, 22, 23, 59, 48, 134309), 392.0, 0.0, 0.0, 0.999994158744812, 8360978)
(datetime.datetime(2021, 5, 23, 0, 14, 54, 772840), 398.0, 0.0, 0.0, 0.999993681907654, 8360978)
(datetime.datetime(2021, 5, 23, 0, 30, 2, 867801), 395.0, 0.0, 0.0, 0.999993920326233, 8360978)
(datetime.datetime(2021, 5, 23, 0, 45, 9, 437654), 394.0, 0.0, 0.0, 0.999994039535522, 8360978)
(datetime.datetime(2021, 5, 23, 1, 0, 16, 385639), 396.0, 0.0, 0.0, 0.999993801116943, 8360978)
(datetime.datetime(2021, 5, 23, 1, 15, 30, 119273), 391.0, 0.0, 0.0, 0.999994277954102, 8360978)
(datetime.datetime(2021, 5, 23, 1, 30, 36, 670301), 392.0, 0.0, 0.0, 0.999994158744812, 8360978)
(datetime.datetime(2021, 5, 23, 1, 45, 42, 827563), 390.0, 0.0, 0.0, 0.999994397163391, 8360978)
(datetime.datetime(2021, 5, 23, 2, 0, 48, 109790), 399.0, 0.0, 0.0, 0.999993562698364, 8360978)
(datetime.datetime(2021, 5, 23, 2, 15, 53, 590891), 394.0, 0.0, 0.0, 0.999994039535522, 8360978)
(datetime.datetime(2021, 5, 23, 2, 30, 59, 313370), 390.0, 0.0, 0.0, 0.999994397163391, 8360978)
(datetime.datetime(2021, 5, 23, 2, 46, 5, 357490), 397.0, 0.0, 0.0, 0.999993681907654, 8360978)
(datetime.datetime(2021, 5, 23, 3, 1, 12, 161543), 392.0, 0.0, 0.0, 0.999994158744812, 8360978)
(datetime.datetime(2021, 5, 23, 3, 16, 18, 553220), 393.0, 0.0, 0.0, 0.999994158744812, 8360978)
(datetime.datetime(2021, 5, 23, 3, 31, 25, 106514), 399.0, 0.0, 0.0, 0.999993562698364, 8360978)
(datetime.datetime(2021, 5, 23, 3, 46, 29, 814880), 400.0, 0.0, 0.0, 0.999993443489075, 8360978)
(datetime.datetime(2021, 5, 23, 4, 1, 34, 733083), 399.0, 0.0, 0.0, 0.999993562698364, 8360978)
(datetime.datetime(2021, 5, 23, 4, 16, 40, 161053), 400.0, 0.0, 0.0, 0.999993443489075, 8360978)
(datetime.datetime(2021, 5, 23, 4, 31, 45, 799018), 403.0, 0.0, 0.0, 0.999992966651917, 8360978)
(datetime.datetime(2021, 5, 23, 4, 46, 53, 122134), 407.0, 0.0, 0.0, 0.999992489814758, 8360978)
(datetime.datetime(2021, 5, 23, 5, 1, 59, 99571), 400.0, 0.0, 0.0, 0.999993443489075, 8360978)
(datetime.datetime(2021, 5, 23, 5, 17, 6, 274579), 401.0, 0.0, 0.0, 0.999993324279785, 8360978)
(datetime.datetime(2021, 5, 23, 5, 32, 13, 663257), 400.0, 0.0, 0.0, 0.999993443489075, 8360978)
(datetime.datetime(2021, 5, 23, 5, 47, 20, 609657), 402.0, 0.0, 0.0, 0.999993085861206, 8360978)
(datetime.datetime(2021, 5, 23, 6, 2, 26, 719055), 398.0, 0.0, 0.0, 0.999993681907654, 8360978)
(datetime.datetime(2021, 5, 23, 6, 17, 32, 906208), 393.0, 0.0, 0.0, 0.999994158744812, 8360978)
(datetime.datetime(2021, 5, 23, 6, 32, 38, 115987), 400.0, 0.0, 0.0, 0.999993443489075, 8360978)
(datetime.datetime(2021, 5, 23, 6, 47, 43, 770544), 397.0, 0.0, 0.0, 0.999993681907654, 8360978)
(datetime.datetime(2021, 5, 23, 7, 2, 48, 774820), 396.0, 0.0, 0.0, 0.999993801116943, 8360978)
(datetime.datetime(2021, 5, 23, 7, 17, 54, 157029), 395.0, 0.0, 0.0, 0.999993920326233, 8360978)
(datetime.datetime(2021, 5, 23, 7, 33, 0, 147232), 396.0, 0.0, 0.0, 0.999993801116943, 8360978)
(datetime.datetime(2021, 5, 23, 7, 48, 5, 450740), 396.0, 0.0, 0.0, 0.999993801116943, 8360978)
(datetime.datetime(2021, 5, 23, 8, 3, 11, 569849), 394.0, 0.0, 0.0, 0.999994039535522, 8360978)
(datetime.datetime(2021, 5, 23, 8, 18, 17, 936184), 391.0, 0.0, 0.0, 0.999994277954102, 8360978)
(datetime.datetime(2021, 5, 23, 8, 33, 24, 693098), 392.0, 0.0, 0.0, 0.999994158744812, 8360978)
(datetime.datetime(2021, 5, 23, 8, 48, 30, 970409), 397.0, 0.0, 0.0, 0.999993681907654, 8360978)
(datetime.datetime(2021, 5, 23, 9, 3, 37, 903871), 391.0, 0.0, 0.0, 0.999994277954102, 8360978)
(datetime.datetime(2021, 5, 23, 9, 18, 44, 415373), 390.0, 0.0, 0.0, 0.999994397163391, 8360978)
(datetime.datetime(2021, 5, 23, 9, 33, 49, 796316), 399.0, 0.0, 0.0, 0.999993562698364, 8360978)
(datetime.datetime(2021, 5, 23, 9, 48, 55, 959841), 396.0, 0.0, 0.0, 0.999993801116943, 8360978)
(datetime.datetime(2021, 5, 23, 10, 3, 59, 917230), 395.0, 0.0, 0.0, 0.999993920326233, 8360978)
(datetime.datetime(2021, 5, 23, 10, 19, 6, 362806), 393.0, 0.0, 0.0, 0.999994158744812, 8360978)
(datetime.datetime(2021, 5, 23, 10, 34, 12, 744218), 393.0, 0.0, 0.0, 0.999994158744812, 8360978)
(datetime.datetime(2021, 5, 23, 10, 49, 18, 757400), 395.0, 0.0, 0.0, 0.999993920326233, 8360978)
(datetime.datetime(2021, 5, 23, 11, 4, 26, 140742), 382.0, 0.0, 0.0, 0.999995112419128, 8360978)
(datetime.datetime(2021, 5, 23, 11, 19, 32, 254961), 391.0, 0.0, 0.0, 0.999994277954102, 8360978)
(datetime.datetime(2021, 5, 23, 11, 34, 39, 231460), 390.0, 0.0, 0.0, 0.999994397163391, 8360978)
(datetime.datetime(2021, 5, 23, 11, 51, 29, 498177), 389.0, 0.0, 0.0, 0.999994397163391, 8360978)
(datetime.datetime(2021, 5, 23, 12, 6, 36, 420779), 396.0, 0.0, 0.0, 0.999993801116943, 8360978)
(datetime.datetime(2021, 5, 23, 12, 21, 42, 848263), 388.0, 0.0, 0.0, 0.999994516372681, 8360978)
(datetime.datetime(2021, 5, 23, 12, 36, 49, 42567), 393.0, 0.0, 0.0, 0.999994158744812, 8360978)
(datetime.datetime(2021, 5, 23, 12, 51, 54, 196839), 389.0, 0.0, 0.0, 0.999994397163391, 8360978)
(datetime.datetime(2021, 5, 23, 13, 7, 0, 192573), 395.0, 0.0, 0.0, 0.999993920326233, 8360978)
(datetime.datetime(2021, 5, 23, 13, 22, 4, 976696), 391.0, 0.0, 0.0, 0.999994277954102, 8360978)
(datetime.datetime(2021, 5, 23, 13, 39, 27, 596796), 397.0, 0.0, 0.0, 0.999993681907654, 8360978)
(datetime.datetime(2021, 5, 23, 13, 54, 33, 71351), 376.0, 0.0, 0.0, 0.999995470046997, 8360978)
(datetime.datetime(2021, 5, 23, 14, 9, 40, 56396), 373.0, 0.0, 0.0, 0.999995708465576, 8360978)
(datetime.datetime(2021, 5, 23, 14, 24, 45, 755158), 376.0, 0.0, 0.0, 0.999995470046997, 8360978)
(datetime.datetime(2021, 5, 23, 14, 39, 52, 193156), 381.0, 0.0, 0.0, 0.999995112419128, 8360978)
(datetime.datetime(2021, 5, 23, 14, 54, 59, 158789), 379.0, 0.0, 0.0, 0.999995350837708, 8360978)
(datetime.datetime(2021, 5, 23, 15, 10, 13, 853670), 377.0, 0.0, 0.0, 0.999995470046997, 8360978)
(datetime.datetime(2021, 5, 23, 15, 25, 19, 385069), 373.0, 0.0, 0.0, 0.999995708465576, 8360978)
(datetime.datetime(2021, 5, 23, 15, 40, 25, 67583), 365.0, 0.0, 0.0, 0.999996066093445, 8360978)
(datetime.datetime(2021, 5, 23, 15, 55, 29, 436069), 377.0, 0.0, 0.0, 0.999995470046997, 8360978)
(datetime.datetime(2021, 5, 23, 16, 10, 34, 942453), 378.0, 0.0, 0.0, 0.999995350837708, 8360978)
(datetime.datetime(2021, 5, 23, 16, 25, 41, 65854), 373.0, 0.0, 0.0, 0.999995708465576, 8360978)
(datetime.datetime(2021, 5, 23, 16, 40, 47, 604990), 368.0, 0.0, 0.0, 0.999995946884155, 8360978)
(datetime.datetime(2021, 5, 23, 16, 55, 52, 711692), 375.0, 0.0, 0.0, 0.999995589256287, 8360978)
(datetime.datetime(2021, 5, 23, 17, 10, 58, 842446), 378.0, 0.0, 0.0, 0.999995350837708, 8360978)
(datetime.datetime(2021, 5, 23, 17, 26, 4, 571666), 380.0, 0.0, 0.0, 0.999995231628418, 8360978)
(datetime.datetime(2021, 5, 23, 17, 44, 4, 381358), 375.0, 0.0, 0.0, 0.999995589256287, 8360978)
(datetime.datetime(2021, 5, 23, 17, 59, 11, 97412), 374.0, 0.0, 0.0, 0.999995589256287, 8360978)
(datetime.datetime(2021, 5, 23, 18, 14, 17, 127726), 375.0, 0.0, 0.0, 0.999995589256287, 8360978)
(datetime.datetime(2021, 5, 23, 18, 29, 24, 552715), 381.0, 0.0, 0.0, 0.999995112419128, 8360978)
(datetime.datetime(2021, 5, 23, 18, 44, 31, 582417), 381.0, 0.0, 0.0, 0.999995112419128, 8360978)
(datetime.datetime(2021, 5, 23, 18, 59, 37, 427603), 381.0, 0.0, 0.0, 0.999995112419128, 8360978)
(datetime.datetime(2021, 5, 23, 19, 14, 43, 887814), 374.0, 0.0, 0.0, 0.999995589256287, 8360978)
(datetime.datetime(2021, 5, 23, 19, 29, 50, 688228), 380.0, 0.0, 0.0, 0.999995231628418, 8360978)
(datetime.datetime(2021, 5, 23, 19, 44, 57, 425018), 383.0, 0.0, 0.0, 0.999994993209839, 8360978)
(datetime.datetime(2021, 5, 23, 20, 1, 1, 700846), 378.0, 0.0, 0.0, 0.999995350837708, 8360978)
(datetime.datetime(2021, 5, 23, 20, 16, 7, 968759), 378.0, 0.0, 0.0, 0.999995350837708, 8360978)
(datetime.datetime(2021, 5, 23, 20, 31, 14, 150490), 383.0, 0.0, 0.0, 0.999994993209839, 8360978)
(datetime.datetime(2021, 5, 23, 20, 46, 20, 247886), 374.0, 0.0, 0.0, 0.999995589256287, 8360978)
(datetime.datetime(2021, 5, 23, 21, 1, 30, 738688), 380.0, 0.0, 0.0, 0.999995231628418, 8360978)
(datetime.datetime(2021, 5, 23, 21, 16, 37, 25012), 376.0, 0.0, 0.0, 0.999995470046997, 8360978)
(datetime.datetime(2021, 5, 23, 21, 31, 43, 314434), 383.0, 0.0, 0.0, 0.999994993209839, 8360978)
(datetime.datetime(2021, 5, 23, 21, 46, 50, 399641), 381.0, 0.0, 0.0, 0.999995112419128, 8360978)
(datetime.datetime(2021, 5, 23, 22, 1, 56, 614846), 382.0, 0.0, 0.0, 0.999995112419128, 8360978)
(datetime.datetime(2021, 5, 23, 22, 17, 3, 18094), 379.0, 0.0, 0.0, 0.999995350837708, 8360978)
(datetime.datetime(2021, 5, 23, 22, 32, 9, 999478), 385.0, 0.0, 0.0, 0.99999475479126, 8360978)
(datetime.datetime(2021, 5, 23, 22, 57, 23, 709495), 383.0, 0.0, 0.0, 0.999994993209839, 8360978)
(datetime.datetime(2021, 5, 23, 23, 12, 30, 744062), 387.0, 0.0, 0.0, 0.99999463558197, 8360978)
(datetime.datetime(2021, 5, 23, 23, 27, 36, 983817), 388.0, 0.0, 0.0, 0.999994516372681, 8360978)
(datetime.datetime(2021, 5, 23, 23, 42, 43, 115697), 383.0, 0.0, 0.0, 0.999994993209839, 8360978)
(datetime.datetime(2021, 5, 23, 23, 57, 49, 505610), 387.0, 0.0, 0.0, 0.99999463558197, 8360978)
(datetime.datetime(2021, 5, 24, 0, 12, 57, 774119), 385.0, 0.0, 0.0, 0.99999475479126, 8360978)
(datetime.datetime(2021, 5, 24, 0, 28, 4, 288745), 386.0, 0.0, 0.0, 0.99999463558197, 8360978)
(datetime.datetime(2021, 5, 24, 0, 43, 10, 164003), 388.0, 0.0, 0.0, 0.999994516372681, 8360978)
(datetime.datetime(2021, 5, 24, 0, 58, 16, 824138), 389.0, 0.0, 0.0, 0.999994397163391, 8360978)
(datetime.datetime(2021, 5, 24, 1, 13, 22, 836401), 394.0, 0.0, 0.0, 0.999994039535522, 8360978)
(datetime.datetime(2021, 5, 24, 1, 28, 28, 135523), 390.0, 0.0, 0.0, 0.999994397163391, 8360978)
(datetime.datetime(2021, 5, 24, 1, 43, 35, 56726), 390.0, 0.0, 0.0, 0.999994397163391, 8360978)
(datetime.datetime(2021, 5, 24, 1, 58, 41, 816474), 389.0, 0.0, 0.0, 0.999994397163391, 8360978)
(datetime.datetime(2021, 5, 24, 2, 13, 47, 400527), 393.0, 0.0, 0.0, 0.999994158744812, 8360978)
(datetime.datetime(2021, 5, 24, 2, 28, 55, 1836), 390.0, 0.0, 0.0, 0.999994397163391, 8360978)
(datetime.datetime(2021, 5, 24, 2, 44, 0, 890367), 394.0, 0.0, 0.0, 0.999994039535522, 8360978)
(datetime.datetime(2021, 5, 24, 2, 59, 7, 672506), 396.0, 0.0, 0.0, 0.999993801116943, 8360978)
(datetime.datetime(2021, 5, 24, 3, 14, 15, 43845), 395.0, 0.0, 0.0, 0.999993920326233, 8360978)
(datetime.datetime(2021, 5, 24, 3, 29, 21, 100345), 389.0, 0.0, 0.0, 0.999994397163391, 8360978)
(datetime.datetime(2021, 5, 24, 3, 44, 28, 401190), 397.0, 0.0, 0.0, 0.999993681907654, 8360978)
(datetime.datetime(2021, 5, 24, 3, 59, 35, 97790), 389.0, 0.0, 0.0, 0.999994397163391, 8360978)
(datetime.datetime(2021, 5, 24, 4, 14, 41, 502564), 386.0, 0.0, 0.0, 0.99999463558197, 8360978)
(datetime.datetime(2021, 5, 24, 4, 29, 47, 858466), 390.0, 0.0, 0.0, 0.999994397163391, 8360978)
(datetime.datetime(2021, 5, 24, 4, 44, 55, 74983), 391.0, 0.0, 0.0, 0.999994277954102, 8360978)
(datetime.datetime(2021, 5, 24, 5, 0, 3, 384986), 387.0, 0.0, 0.0, 0.99999463558197, 8360978)
(datetime.datetime(2021, 5, 24, 5, 15, 10, 570127), 391.0, 0.0, 0.0, 0.999994277954102, 8360978)
(datetime.datetime(2021, 5, 24, 5, 30, 15, 330555), 389.0, 0.0, 0.0, 0.999994397163391, 8360978)
(datetime.datetime(2021, 5, 24, 5, 47, 38, 534631), 389.0, 0.0, 0.0, 0.999994397163391, 8360978)
(datetime.datetime(2021, 5, 24, 6, 2, 45, 954345), 385.0, 0.0, 0.0, 0.99999475479126, 8360978)
(datetime.datetime(2021, 5, 24, 6, 17, 52, 174708), 385.0, 0.0, 0.0, 0.99999475479126, 8360978)
(datetime.datetime(2021, 5, 24, 6, 32, 58, 144840), 388.0, 0.0, 0.0, 0.999994516372681, 8360978)
(datetime.datetime(2021, 5, 24, 6, 48, 3, 637053), 389.0, 0.0, 0.0, 0.999994397163391, 8360978)
(datetime.datetime(2021, 5, 24, 7, 3, 8, 969621), 388.0, 0.0, 0.0, 0.999994516372681, 8360978)
(datetime.datetime(2021, 5, 24, 7, 18, 14, 10900), 385.0, 0.0, 0.0, 0.99999475479126, 8360978)
(datetime.datetime(2021, 5, 24, 7, 33, 19, 108365), 379.0, 0.0, 0.0, 0.999995350837708, 8360978)
(datetime.datetime(2021, 5, 24, 7, 48, 25, 28823), 382.0, 0.0, 0.0, 0.999995112419128, 8360978)
(datetime.datetime(2021, 5, 24, 8, 3, 30, 261603), 373.0, 0.0, 0.0, 0.999995708465576, 8360978)
(datetime.datetime(2021, 5, 24, 8, 18, 36, 414465), 375.0, 0.0, 0.0, 0.999995589256287, 8360978)
(datetime.datetime(2021, 5, 24, 8, 33, 42, 94002), 379.0, 0.0, 0.0, 0.999995350837708, 8360978)
(datetime.datetime(2021, 5, 24, 8, 48, 47, 399658), 374.0, 0.0, 0.0, 0.999995589256287, 8360978)
(datetime.datetime(2021, 5, 24, 9, 3, 52, 39138), 375.0, 0.0, 0.0, 0.999995589256287, 8360978)
(datetime.datetime(2021, 5, 24, 9, 18, 56, 841237), 374.0, 0.0, 0.0, 0.999995589256287, 8360978)
(datetime.datetime(2021, 5, 24, 9, 34, 1, 884880), 380.0, 0.0, 0.0, 0.999995231628418, 8360978)
(datetime.datetime(2021, 5, 24, 9, 49, 6, 911124), 413.0, 0.0, 0.0, 0.999991774559021, 8360978)
(datetime.datetime(2021, 5, 24, 10, 4, 14, 196145), 412.0, 0.0, 0.0, 0.999991893768311, 8360978)
(datetime.datetime(2021, 5, 24, 10, 19, 20, 76658), 411.0, 0.0, 0.0, 0.9999920129776, 8360978)
(datetime.datetime(2021, 5, 24, 10, 34, 26, 311072), 411.0, 0.0, 0.0, 0.9999920129776, 8360978)
