6.337209343910217285e-01
6.555232405662536621e-01
7.296511530876159668e-01
8.183139562606811523e-01
8.546511530876159668e-01
8.720930218696594238e-01
8.902616500854492188e-01
8.713662624359130859e-01
8.720930218696594238e-01
8.866279125213623047e-01
8.793604373931884766e-01
8.960756063461303711e-01
8.982558250427246094e-01
8.691860437393188477e-01
8.975290656089782715e-01
8.960756063461303711e-01
8.997092843055725098e-01
9.062500000000000000e-01
9.077034592628479004e-01
9.236918687820434570e-01
9.309592843055725098e-01
9.367732405662536621e-01
9.462209343910217285e-01
9.520348906517028809e-01
9.360465407371520996e-01
9.527616500854492188e-01
9.651162624359130859e-01
9.629360437393188477e-01
9.731104373931884766e-01
9.687500000000000000e-01
9.687500000000000000e-01
9.636628031730651855e-01
9.694767594337463379e-01
9.731104373931884766e-01
9.643895626068115234e-01
9.723837375640869141e-01
9.731104373931884766e-01
9.672965407371520996e-01
9.716569781303405762e-01
9.752907156944274902e-01
9.702034592628479004e-01
9.716569781303405762e-01
9.636628031730651855e-01
9.672965407371520996e-01
9.745639562606811523e-01
9.796511530876159668e-01
9.818313717842102051e-01
9.745639562606811523e-01
9.716569781303405762e-01
9.694767594337463379e-01
