6.215629577636718750e-01
6.425470113754272461e-01
6.939218640327453613e-01
8.198263645172119141e-01
8.567293882369995117e-01
8.494935035705566406e-01
8.791606426239013672e-01
8.813313841819763184e-01
8.820549845695495605e-01
8.892908692359924316e-01
8.950796127319335938e-01
8.907380700111389160e-01
9.081041812896728516e-01
8.979739546775817871e-01
9.008682966232299805e-01
9.153400659561157227e-01
9.232995510101318359e-01
9.276410937309265137e-01
9.341533780097961426e-01
9.413892626762390137e-01
9.587554335594177246e-01
9.609261751174926758e-01
9.696092605590820312e-01
9.616497755050659180e-01
9.630969762802124023e-01
9.681620597839355469e-01
9.732272028923034668e-01
9.696092605590820312e-01
9.710564613342285156e-01
9.674385190010070801e-01
9.681620597839355469e-01
9.710564613342285156e-01
9.659913182258605957e-01
9.674385190010070801e-01
9.536902904510498047e-01
9.681620597839355469e-01
9.768451452255249023e-01
9.775687456130981445e-01
9.811866879463195801e-01
9.725036025047302246e-01
9.681620597839355469e-01
9.732272028923034668e-01
9.775687456130981445e-01
9.732272028923034668e-01
9.768451452255249023e-01
9.782923460006713867e-01
9.782923460006713867e-01
9.797394871711730957e-01
9.753979444503784180e-01
9.753979444503784180e-01
