7.549090981483459473e-01
7.789090871810913086e-01
7.789090871810913086e-01
7.839999794960021973e-01
8.450909256935119629e-01
8.560000061988830566e-01
8.647272586822509766e-01
8.618181943893432617e-01
8.625454306602478027e-01
8.741818070411682129e-01
9.018181562423706055e-01
9.178181886672973633e-01
9.207272529602050781e-01
9.272727370262145996e-01
9.330909252166748047e-01
9.454545378684997559e-01
9.141818284988403320e-01
9.105454683303833008e-01
9.476363658905029297e-01
9.483636617660522461e-01
9.454545378684997559e-01
9.214545488357543945e-01
9.505454301834106445e-01
9.498181939125061035e-01
9.469090700149536133e-01
9.578182101249694824e-01
9.709091186523437500e-01
9.629091024398803711e-01
9.679999947547912598e-01
9.643636345863342285e-01
9.665454626083374023e-01
9.454545378684997559e-01
9.563636183738708496e-01
9.679999947547912598e-01
9.643636345863342285e-01
9.389091134071350098e-01
9.679999947547912598e-01
9.694545269012451172e-01
9.803636074066162109e-01
9.672726988792419434e-01
9.818181991577148438e-01
9.723636507987976074e-01
9.760000109672546387e-01
9.810909032821655273e-01
9.789090752601623535e-01
9.563636183738708496e-01
9.665454626083374023e-01
9.789090752601623535e-01
9.861817955970764160e-01
9.752727150917053223e-01
