[[8.0211800e-01 4.4196998e-08 1.9788201e-01 1.8571818e-11]]
[[0.16653988 0.61133206 0.22089109 0.00123694]]
[[1.9159305e-01 4.2798029e-06 8.0840272e-01 1.6341232e-09]]
[[1.9159305e-01 4.2798029e-06 8.0840272e-01 1.6341232e-09]]
[[5.3602242e-01 4.1114254e-07 4.6397725e-01 1.6536916e-10]]
[[3.1926010e-02 8.5889937e-05 9.6798807e-01 3.1757263e-08]]
[[3.8834233e-02 5.4221400e-05 9.6111161e-01 1.9786999e-08]]
[[1.4197768e-04 8.9907026e-01 1.0040979e-01 3.7794374e-04]]
[[1.8871377e-11 1.2518615e-01 1.9365794e-05 8.7479448e-01]]
[[6.7344364e-14 9.5067723e-03 3.4649901e-07 9.9049288e-01]]
[[2.0481467e-10 4.6370974e-01 1.4577754e-04 5.3614450e-01]]
[[4.091262e-15 3.505355e-03 6.142600e-08 9.964946e-01]]
[[4.8600034e-17 9.6394680e-04 4.8028159e-09 9.9903607e-01]]
[[2.36154359e-04 8.83406043e-01 1.15931846e-01 4.26069542e-04]]
[[2.0337689e-06 9.7186136e-01 2.7987991e-02 1.4848709e-04]]
[[5.5359909e-05 9.2258829e-01 7.7064626e-02 2.9182597e-04]]
[[1.1151986e-18 3.5234148e-04 6.0466726e-10 9.9964762e-01]]
[[8.151364e-08 9.920031e-01 7.696870e-03 2.998488e-04]]
[[0.0041186  0.7685541  0.22625782 0.00106948]]
[[0.0167903  0.705132   0.27632445 0.00175324]]
[[3.4161385e-08 9.9454778e-01 4.6513285e-03 8.0086925e-04]]
[[9.8876235e-06 9.5322472e-01 4.6578646e-02 1.8680148e-04]]
[[3.9544341e-09 9.8033136e-01 1.2544382e-03 1.8414224e-02]]
[[0.01690588 0.7048987  0.27643922 0.00175606]]
[[5.6814893e-05 9.2201567e-01 7.7633597e-02 2.9393003e-04]]
[[1.8321630e-01 2.3344362e-02 7.9342318e-01 1.6107628e-05]]
[[0.04586222 0.6791142  0.2731651  0.00185849]]
[[4.2923618e-02 1.4250501e-03 9.5565057e-01 8.0037950e-07]]
[[0.06280067 0.67106915 0.26438057 0.00174967]]
[[2.8675916e-02 2.4979771e-04 9.7107422e-01 1.0347844e-07]]
[[0.11321307 0.64408064 0.24124566 0.00146068]]
[[2.9105857e-02 1.2411908e-04 9.7077000e-01 4.6966221e-08]]
[[3.8834233e-02 5.4221400e-05 9.6111161e-01 1.9786999e-08]]
[[3.1926010e-02 8.5889937e-05 9.6798807e-01 3.1757263e-08]]
[[6.2462635e-02 2.3306897e-05 9.3751407e-01 8.4313063e-09]]
[[3.8834233e-02 5.4221400e-05 9.6111161e-01 1.9786999e-08]]
[[3.8834233e-02 5.4221400e-05 9.6111161e-01 1.9786999e-08]]
[[7.8991115e-02 1.6454083e-05 9.2099243e-01 5.9967724e-09]]
[[0.11321307 0.64408064 0.24124566 0.00146068]]
[[5.1765643e-02 3.1612617e-05 9.4820273e-01 1.1425535e-08]]
[[3.3896884e-01 1.4539704e-06 6.6102970e-01 5.6991450e-10]]
[[1.9159305e-01 4.2798029e-06 8.0840272e-01 1.6341232e-09]]
[[3.3896884e-01 1.4539704e-06 6.6102970e-01 5.6991450e-10]]
[[5.1765643e-02 3.1612617e-05 9.4820273e-01 1.1425535e-08]]
[[7.8991115e-02 1.6454083e-05 9.2099243e-01 5.9967724e-09]]
[[4.3426624e-01 7.8961284e-07 5.6573296e-01 3.1364758e-10]]
[[2.5741708e-01 2.5430281e-06 7.4258035e-01 9.8423514e-10]]
[[6.2462635e-02 2.3306897e-05 9.3751407e-01 8.4313063e-09]]
[[1.05200306e-01 1.08122867e-05 8.94788861e-01 4.00926004e-09]]
[[3.1926010e-02 8.5889937e-05 9.6798807e-01 3.1757263e-08]]
[[7.8991115e-02 1.6454083e-05 9.2099243e-01 5.9967724e-09]]
[[6.2462635e-02 2.3306897e-05 9.3751407e-01 8.4313063e-09]]
[[4.3426624e-01 7.8961284e-07 5.6573296e-01 3.1364758e-10]]
[[1.4159805e-01 6.9232265e-06 8.5839504e-01 2.6086253e-09]]
[[7.2706276e-01 9.6519734e-08 2.7293718e-01 3.9941654e-11]]
[[1.05200306e-01 1.08122867e-05 8.94788861e-01 4.00926004e-09]]
[[5.1765643e-02 3.1612617e-05 9.4820273e-01 1.1425535e-08]]
[[1.05200306e-01 1.08122867e-05 8.94788861e-01 4.00926004e-09]]
[[1.05200306e-01 1.08122867e-05 8.94788861e-01 4.00926004e-09]]
[[6.2462635e-02 2.3306897e-05 9.3751407e-01 8.4313063e-09]]
[[7.8991115e-02 1.6454083e-05 9.2099243e-01 5.9967724e-09]]
[[1.4159805e-01 6.9232265e-06 8.5839504e-01 2.6086253e-09]]
[[5.3602242e-01 4.1114254e-07 4.6397725e-01 1.6536916e-10]]
[[7.8991115e-02 1.6454083e-05 9.2099243e-01 5.9967724e-09]]
[[1.4159805e-01 6.9232265e-06 8.5839504e-01 2.6086253e-09]]
[[5.1765643e-02 3.1612617e-05 9.4820273e-01 1.1425535e-08]]
[[1.4159805e-01 6.9232265e-06 8.5839504e-01 2.6086253e-09]]
[[6.2462635e-02 2.3306897e-05 9.3751407e-01 8.4313063e-09]]
[[1.05200306e-01 1.08122867e-05 8.94788861e-01 4.00926004e-09]]
[[3.8834233e-02 5.4221400e-05 9.6111161e-01 1.9786999e-08]]
[[3.0084297e-02 1.0477449e-04 9.6981096e-01 3.9141486e-08]]
[[4.4339787e-02 4.1812298e-05 9.5561844e-01 1.5175644e-08]]
[[2.9105857e-02 1.2411908e-04 9.7077000e-01 4.6966221e-08]]
[[2.8429408e-02 1.6477727e-04 9.7140568e-01 6.4194744e-08]]
[[2.8560368e-02 2.2727190e-04 9.7121227e-01 9.2748017e-08]]
[[2.8429408e-02 1.6477727e-04 9.7140568e-01 6.4194744e-08]]
[[2.9011255e-02 2.9606101e-04 9.7069257e-01 1.2645246e-07]]
[[2.9011255e-02 2.9606101e-04 9.7069257e-01 1.2645246e-07]]
[[2.9011255e-02 2.9606101e-04 9.7069257e-01 1.2645246e-07]]
[[2.9213319e-02 3.2082089e-04 9.7046578e-01 1.3915451e-07]]
[[0.08478564 0.6599877  0.25361356 0.001613  ]]
[[3.0313056e-02 4.2714170e-04 9.6925956e-01 1.9584741e-07]]
[[2.9690722e-02 3.7197382e-04 9.6993726e-01 1.6609800e-07]]
[[0.07252277 0.6663028  0.2594866  0.00168788]]
[[3.1066554e-02 4.8769341e-04 9.6844548e-01 2.2889304e-07]]
[[2.9442560e-02 3.4576439e-04 9.7021151e-01 1.5216223e-07]]
[[3.0313056e-02 4.2714170e-04 9.6925956e-01 1.9584741e-07]]
[[3.0664599e-02 4.5621963e-04 9.6887892e-01 2.1172904e-07]]
[[3.1468786e-02 5.1962410e-04 9.6801132e-01 2.4650279e-07]]
[[3.0313056e-02 4.2714170e-04 9.6925956e-01 1.9584741e-07]]
[[3.1066554e-02 4.8769341e-04 9.6844548e-01 2.2889304e-07]]
[[3.1066554e-02 4.8769341e-04 9.6844548e-01 2.2889304e-07]]
[[2.9213319e-02 3.2082089e-04 9.7046578e-01 1.3915451e-07]]
[[2.9968018e-02 3.9927787e-04 9.6963251e-01 1.8078676e-07]]
[[2.8560368e-02 2.2727190e-04 9.7121227e-01 9.2748017e-08]]
[[2.8417595e-02 1.8474010e-04 9.7139752e-01 7.3077821e-08]]
[[3.1926010e-02 8.5889937e-05 9.6798807e-01 3.1757263e-08]]
[[3.0084297e-02 1.0477449e-04 9.6981096e-01 3.9141486e-08]]
[[3.4742944e-02 6.8950656e-05 9.6518809e-01 2.5282050e-08]]
[[2.8429408e-02 1.6477727e-04 9.7140568e-01 6.4194744e-08]]
[[2.8675916e-02 2.4979771e-04 9.7107422e-01 1.0347844e-07]]
[[2.9442560e-02 3.4576439e-04 9.7021151e-01 1.5216223e-07]]
[[2.9011255e-02 2.9606101e-04 9.7069257e-01 1.2645246e-07]]
[[2.9105857e-02 1.2411908e-04 9.7077000e-01 4.6966221e-08]]
[[2.5741708e-01 2.5430281e-06 7.4258035e-01 9.8423514e-10]]
[[2.8588682e-02 1.4442136e-04 9.7126693e-01 5.5457473e-08]]
[[2.9105857e-02 1.2411908e-04 9.7077000e-01 4.6966221e-08]]
[[2.8470578e-02 2.0553180e-04 9.7132385e-01 8.2594163e-08]]
[[3.1926010e-02 8.5889937e-05 9.6798807e-01 3.1757263e-08]]
[[2.9105857e-02 1.2411908e-04 9.7077000e-01 4.6966221e-08]]
[[2.8588682e-02 1.4442136e-04 9.7126693e-01 5.5457473e-08]]
[[3.4742944e-02 6.8950656e-05 9.6518809e-01 2.5282050e-08]]
[[3.8834233e-02 5.4221400e-05 9.6111161e-01 1.9786999e-08]]
[[7.8991115e-02 1.6454083e-05 9.2099243e-01 5.9967724e-09]]
[[0.11612713 0.6423756  0.24005072 0.00144651]]
[[3.4742944e-02 6.8950656e-05 9.6518809e-01 2.5282050e-08]]
[[0.10017924 0.65155    0.24674413 0.00152661]]
[[2.8470578e-02 2.0553180e-04 9.7132385e-01 8.2594163e-08]]
[[0.11321307 0.64408064 0.24124566 0.00146068]]
[[3.8834233e-02 5.4221400e-05 9.6111161e-01 1.9786999e-08]]
[[1.05200306e-01 1.08122867e-05 8.94788861e-01 4.00926004e-09]]
[[6.2462635e-02 2.3306897e-05 9.3751407e-01 8.4313063e-09]]
[[5.1765643e-02 3.1612617e-05 9.4820273e-01 1.1425535e-08]]
[[7.8991115e-02 1.6454083e-05 9.2099243e-01 5.9967724e-09]]
[[1.05200306e-01 1.08122867e-05 8.94788861e-01 4.00926004e-09]]
[[0.12535137 0.6369064  0.23633875 0.00140349]]
[[0.11321307 0.64408064 0.24124566 0.00146068]]
[[7.8991115e-02 1.6454083e-05 9.2099243e-01 5.9967724e-09]]
[[1.05200306e-01 1.08122867e-05 8.94788861e-01 4.00926004e-09]]
[[0.01147092 0.72061026 0.26631916 0.00159969]]
[[1.05200306e-01 1.08122867e-05 8.94788861e-01 4.00926004e-09]]
[[3.1926010e-02 8.5889937e-05 9.6798807e-01 3.1757263e-08]]
[[2.8429408e-02 1.6477727e-04 9.7140568e-01 6.4194744e-08]]
[[3.4742944e-02 6.8950656e-05 9.6518809e-01 2.5282050e-08]]
[[3.0084297e-02 1.0477449e-04 9.6981096e-01 3.9141486e-08]]
[[2.8588682e-02 1.4442136e-04 9.7126693e-01 5.5457473e-08]]
[[2.8417595e-02 1.8474010e-04 9.7139752e-01 7.3077821e-08]]
[[2.8429408e-02 1.6477727e-04 9.7140568e-01 6.4194744e-08]]
[[2.8429408e-02 1.6477727e-04 9.7140568e-01 6.4194744e-08]]
[[3.4742944e-02 6.8950656e-05 9.6518809e-01 2.5282050e-08]]
[[1.4159805e-01 6.9232265e-06 8.5839504e-01 2.6086253e-09]]
[[4.3426624e-01 7.8961284e-07 5.6573296e-01 3.1364758e-10]]
[[5.3602242e-01 4.1114254e-07 4.6397725e-01 1.6536916e-10]]
[[7.8991115e-02 1.6454083e-05 9.2099243e-01 5.9967724e-09]]
[[2.5741708e-01 2.5430281e-06 7.4258035e-01 9.8423514e-10]]
[[7.8991115e-02 1.6454083e-05 9.2099243e-01 5.9967724e-09]]
[[0.01123238 0.721567   0.26561415 0.00158645]]
[[3.4742944e-02 6.8950656e-05 9.6518809e-01 2.5282050e-08]]
[[2.8588682e-02 1.4442136e-04 9.7126693e-01 5.5457473e-08]]
[[7.8991115e-02 1.6454083e-05 9.2099243e-01 5.9967724e-09]]
[[6.3659799e-01 2.0330053e-07 3.6340174e-01 8.2850109e-11]]
[[5.3602242e-01 4.1114254e-07 4.6397725e-01 1.6536916e-10]]
[[4.3426624e-01 7.8961284e-07 5.6573296e-01 3.1364758e-10]]
[[7.2706276e-01 9.6519734e-08 2.7293718e-01 3.9941654e-11]]
[[7.2706276e-01 9.6519734e-08 2.7293718e-01 3.9941654e-11]]
[[5.3602242e-01 4.1114254e-07 4.6397725e-01 1.6536916e-10]]
[[4.3426624e-01 7.8961284e-07 5.6573296e-01 3.1364758e-10]]
[[6.3659799e-01 2.0330053e-07 3.6340174e-01 8.2850109e-11]]
[[7.8991115e-02 1.6454083e-05 9.2099243e-01 5.9967724e-09]]
[[8.0211800e-01 4.4196998e-08 1.9788201e-01 1.8571818e-11]]
[[4.3426624e-01 7.8961284e-07 5.6573296e-01 3.1364758e-10]]
[[3.3896884e-01 1.4539704e-06 6.6102970e-01 5.6991450e-10]]
[[1.9159305e-01 4.2798029e-06 8.0840272e-01 1.6341232e-09]]
[[2.5741708e-01 2.5430281e-06 7.4258035e-01 9.8423514e-10]]
[[1.05200306e-01 1.08122867e-05 8.94788861e-01 4.00926004e-09]]
[[2.5741708e-01 2.5430281e-06 7.4258035e-01 9.8423514e-10]]
[[1.4159805e-01 6.9232265e-06 8.5839504e-01 2.6086253e-09]]
[[4.3426624e-01 7.8961284e-07 5.6573296e-01 3.1364758e-10]]
[[4.3426624e-01 7.8961284e-07 5.6573296e-01 3.1364758e-10]]
[[4.3426624e-01 7.8961284e-07 5.6573296e-01 3.1364758e-10]]
[[0.14587487 0.6243668  0.22844149 0.00131679]]
[[7.8991115e-02 1.6454083e-05 9.2099243e-01 5.9967724e-09]]
[[7.2706276e-01 9.6519734e-08 2.7293718e-01 3.9941654e-11]]
[[8.6098057e-01 1.9563920e-08 1.3901944e-01 8.3535106e-12]]
[[0.1710404  0.60844946 0.21928957 0.00122059]]
[[9.0442812e-01 8.4745615e-09 9.5571838e-02 3.6769359e-12]]
[[0.1710404  0.60844946 0.21928957 0.00122059]]
[[8.0211800e-01 4.4196998e-08 1.9788201e-01 1.8571818e-11]]
[[6.3659799e-01 2.0330053e-07 3.6340174e-01 8.2850109e-11]]
[[5.3602242e-01 4.1114254e-07 4.6397725e-01 1.6536916e-10]]
[[0.15786766 0.6168462  0.22401656 0.00126954]]
[[4.3426624e-01 7.8961284e-07 5.6573296e-01 3.1364758e-10]]
[[9.5639437e-01 1.5462100e-09 4.3605566e-02 6.9193165e-13]]
[[6.3659799e-01 2.0330053e-07 3.6340174e-01 8.2850109e-11]]
[[6.3659799e-01 2.0330053e-07 3.6340174e-01 8.2850109e-11]]
[[2.5741708e-01 2.5430281e-06 7.4258035e-01 9.8423514e-10]]
[[9.5639437e-01 1.5462100e-09 4.3605566e-02 6.9193165e-13]]
[[7.2706276e-01 9.6519734e-08 2.7293718e-01 3.9941654e-11]]
[[5.3602242e-01 4.1114254e-07 4.6397725e-01 1.6536916e-10]]
[[5.3602242e-01 4.1114254e-07 4.6397725e-01 1.6536916e-10]]
[[9.7053760e-01 6.6831052e-10 2.9462401e-02 3.0285185e-13]]
[[9.3518883e-01 3.6293184e-09 6.4811230e-02 1.5998647e-12]]
[[5.3602242e-01 4.1114254e-07 4.6397725e-01 1.6536916e-10]]
[[7.2706276e-01 9.6519734e-08 2.7293718e-01 3.9941654e-11]]
[[0.13864139 0.62884235 0.23117007 0.00134621]]
[[8.6098057e-01 1.9563920e-08 1.3901944e-01 8.3535106e-12]]
[[5.3602242e-01 4.1114254e-07 4.6397725e-01 1.6536916e-10]]
[[0.15786766 0.6168462  0.22401656 0.00126954]]
[[8.0211800e-01 4.4196998e-08 1.9788201e-01 1.8571818e-11]]
[[9.0442812e-01 8.4745615e-09 9.5571838e-02 3.6769359e-12]]
[[8.6098057e-01 1.9563920e-08 1.3901944e-01 8.3535106e-12]]
[[6.3659799e-01 2.0330053e-07 3.6340174e-01 8.2850109e-11]]
[[3.8834233e-02 5.4221400e-05 9.6111161e-01 1.9786999e-08]]
[[8.6098057e-01 1.9563920e-08 1.3901944e-01 8.3535106e-12]]
[[6.3659799e-01 2.0330053e-07 3.6340174e-01 8.2850109e-11]]
[[7.2706276e-01 9.6519734e-08 2.7293718e-01 3.9941654e-11]]
[[3.3896884e-01 1.4539704e-06 6.6102970e-01 5.6991450e-10]]
[[1.05200306e-01 1.08122867e-05 8.94788861e-01 4.00926004e-09]]
[[1.05200306e-01 1.08122867e-05 8.94788861e-01 4.00926004e-09]]
[[2.5741708e-01 2.5430281e-06 7.4258035e-01 9.8423514e-10]]
[[2.5741708e-01 2.5430281e-06 7.4258035e-01 9.8423514e-10]]
[[9.0442812e-01 8.4745615e-09 9.5571838e-02 3.6769359e-12]]
[[4.3426624e-01 7.8961284e-07 5.6573296e-01 3.1364758e-10]]
[[0.13864139 0.62884235 0.23117007 0.00134621]]
[[8.0211800e-01 4.4196998e-08 1.9788201e-01 1.8571818e-11]]
[[5.3602242e-01 4.1114254e-07 4.6397725e-01 1.6536916e-10]]
[[8.6098057e-01 1.9563920e-08 1.3901944e-01 8.3535106e-12]]
[[7.2706276e-01 9.6519734e-08 2.7293718e-01 3.9941654e-11]]
[[6.3659799e-01 2.0330053e-07 3.6340174e-01 8.2850109e-11]]
[[4.3426624e-01 7.8961284e-07 5.6573296e-01 3.1364758e-10]]
[[2.5741708e-01 2.5430281e-06 7.4258035e-01 9.8423514e-10]]
[[8.6098057e-01 1.9563920e-08 1.3901944e-01 8.3535106e-12]]
[[8.6098057e-01 1.9563920e-08 1.3901944e-01 8.3535106e-12]]
[[9.0442812e-01 8.4745615e-09 9.5571838e-02 3.6769359e-12]]
[[9.8006767e-01 2.9044475e-10 1.9932276e-02 1.3312051e-13]]
[[9.0442812e-01 8.4745615e-09 9.5571838e-02 3.6769359e-12]]
[[9.8006767e-01 2.9044475e-10 1.9932276e-02 1.3312051e-13]]
[[7.2706276e-01 9.6519734e-08 2.7293718e-01 3.9941654e-11]]
[[9.3518883e-01 3.6293184e-09 6.4811230e-02 1.5998647e-12]]
[[8.6098057e-01 1.9563920e-08 1.3901944e-01 8.3535106e-12]]
[[8.0211800e-01 4.4196998e-08 1.9788201e-01 1.8571818e-11]]
[[2.5741708e-01 2.5430281e-06 7.4258035e-01 9.8423514e-10]]
[[5.3602242e-01 4.1114254e-07 4.6397725e-01 1.6536916e-10]]
[[6.3659799e-01 2.0330053e-07 3.6340174e-01 8.2850109e-11]]
[[9.0442812e-01 8.4745615e-09 9.5571838e-02 3.6769359e-12]]
[[7.2706276e-01 9.6519734e-08 2.7293718e-01 3.9941654e-11]]
[[9.5639437e-01 1.5462100e-09 4.3605566e-02 6.9193165e-13]]
[[9.3518883e-01 3.6293184e-09 6.4811230e-02 1.5998647e-12]]
[[9.8630840e-01 1.3016944e-10 1.3691628e-02 6.0145668e-14]]
[[9.5639437e-01 1.5462100e-09 4.3605566e-02 6.9193165e-13]]
[[7.2706276e-01 9.6519734e-08 2.7293718e-01 3.9941654e-11]]
[[9.5639437e-01 1.5462100e-09 4.3605566e-02 6.9193165e-13]]
[[3.3896884e-01 1.4539704e-06 6.6102970e-01 5.6991450e-10]]
[[4.3426624e-01 7.8961284e-07 5.6573296e-01 3.1364758e-10]]
[[5.1765643e-02 3.1612617e-05 9.4820273e-01 1.1425535e-08]]
[[2.5741708e-01 2.5430281e-06 7.4258035e-01 9.8423514e-10]]
[[4.3426624e-01 7.8961284e-07 5.6573296e-01 3.1364758e-10]]
[[1.9159305e-01 4.2798029e-06 8.0840272e-01 1.6341232e-09]]
[[2.5741708e-01 2.5430281e-06 7.4258035e-01 9.8423514e-10]]
[[9.7053760e-01 6.6831052e-10 2.9462401e-02 3.0285185e-13]]
[[8.6098057e-01 1.9563920e-08 1.3901944e-01 8.3535106e-12]]
[[6.3659799e-01 2.0330053e-07 3.6340174e-01 8.2850109e-11]]
[[6.3659799e-01 2.0330053e-07 3.6340174e-01 8.2850109e-11]]
[[5.3602242e-01 4.1114254e-07 4.6397725e-01 1.6536916e-10]]
[[5.3602242e-01 4.1114254e-07 4.6397725e-01 1.6536916e-10]]
[[4.3426624e-01 7.8961284e-07 5.6573296e-01 3.1364758e-10]]
[[4.3426624e-01 7.8961284e-07 5.6573296e-01 3.1364758e-10]]
[[9.0442812e-01 8.4745615e-09 9.5571838e-02 3.6769359e-12]]
[[2.5741708e-01 2.5430281e-06 7.4258035e-01 9.8423514e-10]]
[[5.3602242e-01 4.1114254e-07 4.6397725e-01 1.6536916e-10]]
[[1.9159305e-01 4.2798029e-06 8.0840272e-01 1.6341232e-09]]
[[2.5741708e-01 2.5430281e-06 7.4258035e-01 9.8423514e-10]]
[[3.3896884e-01 1.4539704e-06 6.6102970e-01 5.6991450e-10]]
[[6.3659799e-01 2.0330053e-07 3.6340174e-01 8.2850109e-11]]
[[8.6098057e-01 1.9563920e-08 1.3901944e-01 8.3535106e-12]]
[[3.3896884e-01 1.4539704e-06 6.6102970e-01 5.6991450e-10]]
[[1.9159305e-01 4.2798029e-06 8.0840272e-01 1.6341232e-09]]
[[1.9159305e-01 4.2798029e-06 8.0840272e-01 1.6341232e-09]]
[[3.1926010e-02 8.5889937e-05 9.6798807e-01 3.1757263e-08]]
[[6.3659799e-01 2.0330053e-07 3.6340174e-01 8.2850109e-11]]
[[3.3896884e-01 1.4539704e-06 6.6102970e-01 5.6991450e-10]]
[[7.2706276e-01 9.6519734e-08 2.7293718e-01 3.9941654e-11]]
[[7.2706276e-01 9.6519734e-08 2.7293718e-01 3.9941654e-11]]
[[7.2706276e-01 9.6519734e-08 2.7293718e-01 3.9941654e-11]]
[[9.0442812e-01 8.4745615e-09 9.5571838e-02 3.6769359e-12]]
[[9.7053760e-01 6.6831052e-10 2.9462401e-02 3.0285185e-13]]
[[9.7053760e-01 6.6831052e-10 2.9462401e-02 3.0285185e-13]]
[[6.3659799e-01 2.0330053e-07 3.6340174e-01 8.2850109e-11]]
[[9.3518883e-01 3.6293184e-09 6.4811230e-02 1.5998647e-12]]
[[8.6098057e-01 1.9563920e-08 1.3901944e-01 8.3535106e-12]]
[[2.5741708e-01 2.5430281e-06 7.4258035e-01 9.8423514e-10]]
[[1.4159805e-01 6.9232265e-06 8.5839504e-01 2.6086253e-09]]
[[9.0442812e-01 8.4745615e-09 9.5571838e-02 3.6769359e-12]]
[[8.0211800e-01 4.4196998e-08 1.9788201e-01 1.8571818e-11]]
[[8.6098057e-01 1.9563920e-08 1.3901944e-01 8.3535106e-12]]
[[9.0442812e-01 8.4745615e-09 9.5571838e-02 3.6769359e-12]]
[[9.7053760e-01 6.6831052e-10 2.9462401e-02 3.0285185e-13]]
[[9.3518883e-01 3.6293184e-09 6.4811230e-02 1.5998647e-12]]
[[8.0211800e-01 4.4196998e-08 1.9788201e-01 1.8571818e-11]]
[[9.3518883e-01 3.6293184e-09 6.4811230e-02 1.5998647e-12]]
[[0.1860544  0.59859097 0.2141867  0.00116791]]
[[8.6098057e-01 1.9563920e-08 1.3901944e-01 8.3535106e-12]]
[[9.8006767e-01 2.9044475e-10 1.9932276e-02 1.3312051e-13]]
[[9.9042040e-01 6.0154735e-11 9.5796511e-03 2.7787639e-14]]
[[9.3518883e-01 3.6293184e-09 6.4811230e-02 1.5998647e-12]]
[[3.3896884e-01 1.4539704e-06 6.6102970e-01 5.6991450e-10]]
[[9.0442812e-01 8.4745615e-09 9.5571838e-02 3.6769359e-12]]
[[1.9159305e-01 4.2798029e-06 8.0840272e-01 1.6341232e-09]]
[[3.3896884e-01 1.4539704e-06 6.6102970e-01 5.6991450e-10]]
[[2.5741708e-01 2.5430281e-06 7.4258035e-01 9.8423514e-10]]
[[2.5741708e-01 2.5430281e-06 7.4258035e-01 9.8423514e-10]]
[[8.6098057e-01 1.9563920e-08 1.3901944e-01 8.3535106e-12]]
[[7.2706276e-01 9.6519734e-08 2.7293718e-01 3.9941654e-11]]
[[3.3896884e-01 1.4539704e-06 6.6102970e-01 5.6991450e-10]]
[[4.3426624e-01 7.8961284e-07 5.6573296e-01 3.1364758e-10]]
[[3.3896884e-01 1.4539704e-06 6.6102970e-01 5.6991450e-10]]
[[7.2706276e-01 9.6519734e-08 2.7293718e-01 3.9941654e-11]]
[[9.8630840e-01 1.3016944e-10 1.3691628e-02 6.0145668e-14]]
[[9.0442812e-01 8.4745615e-09 9.5571838e-02 3.6769359e-12]]
[[7.2706276e-01 9.6519734e-08 2.7293718e-01 3.9941654e-11]]
[[9.3518883e-01 3.6293184e-09 6.4811230e-02 1.5998647e-12]]
[[9.3518883e-01 3.6293184e-09 6.4811230e-02 1.5998647e-12]]
[[6.3659799e-01 2.0330053e-07 3.6340174e-01 8.2850109e-11]]
[[3.3896884e-01 1.4539704e-06 6.6102970e-01 5.6991450e-10]]
[[1.9159305e-01 4.2798029e-06 8.0840272e-01 1.6341232e-09]]
[[7.8991115e-02 1.6454083e-05 9.2099243e-01 5.9967724e-09]]
[[4.3426624e-01 7.8961284e-07 5.6573296e-01 3.1364758e-10]]
[[4.3426624e-01 7.8961284e-07 5.6573296e-01 3.1364758e-10]]
[[6.3659799e-01 2.0330053e-07 3.6340174e-01 8.2850109e-11]]
[[9.0442812e-01 8.4745615e-09 9.5571838e-02 3.6769359e-12]]
[[5.3602242e-01 4.1114254e-07 4.6397725e-01 1.6536916e-10]]
[[8.6098057e-01 1.9563920e-08 1.3901944e-01 8.3535106e-12]]
[[7.2706276e-01 9.6519734e-08 2.7293718e-01 3.9941654e-11]]
[[9.0442812e-01 8.4745615e-09 9.5571838e-02 3.6769359e-12]]
[[9.3518883e-01 3.6293184e-09 6.4811230e-02 1.5998647e-12]]
[[9.0442812e-01 8.4745615e-09 9.5571838e-02 3.6769359e-12]]
[[0.01216689 0.71798515 0.26821223 0.00163582]]
[[9.3518883e-01 3.6293184e-09 6.4811230e-02 1.5998647e-12]]
[[9.8006767e-01 2.9044475e-10 1.9932276e-02 1.3312051e-13]]
[[9.9506974e-01 1.3946575e-11 4.9302946e-03 6.2961640e-15]]
[[9.9726343e-01 3.6405245e-12 2.7366274e-03 1.5616190e-15]]
[[9.9042040e-01 6.0154735e-11 9.5796511e-03 2.7787639e-14]]
[[8.6098057e-01 1.9563920e-08 1.3901944e-01 8.3535106e-12]]
[[9.93174255e-01 2.86796975e-11 6.82574185e-03 1.31354126e-14]]
[[9.7053760e-01 6.6831052e-10 2.9462401e-02 3.0285185e-13]]
[[9.7053760e-01 6.6831052e-10 2.9462401e-02 3.0285185e-13]]
[[9.9787879e-01 2.0010482e-12 2.1212404e-03 8.3047356e-16]]
[[9.9831402e-01 1.1442535e-12 1.6859615e-03 4.5523092e-16]]
[[9.8630840e-01 1.3016944e-10 1.3691628e-02 6.0145668e-14]]
[[9.9920589e-01 1.6887277e-13 7.9415512e-04 5.5811166e-17]]
[[9.9787879e-01 2.0010482e-12 2.1212404e-03 8.3047356e-16]]
[[9.9787879e-01 2.0010482e-12 2.1212404e-03 8.3047356e-16]]
[[9.9726343e-01 3.6405245e-12 2.7366274e-03 1.5616190e-15]]
[[9.9042040e-01 6.0154735e-11 9.5796511e-03 2.7787639e-14]]
[[8.6098057e-01 1.9563920e-08 1.3901944e-01 8.3535106e-12]]
[[9.8006767e-01 2.9044475e-10 1.9932276e-02 1.3312051e-13]]
[[9.9506974e-01 1.3946575e-11 4.9302946e-03 6.2961640e-15]]
[[9.9726343e-01 3.6405245e-12 2.7366274e-03 1.5616190e-15]]
[[9.8630840e-01 1.3016944e-10 1.3691628e-02 6.0145668e-14]]
[[9.0442812e-01 8.4745615e-09 9.5571838e-02 3.6769359e-12]]
[[9.8630840e-01 1.3016944e-10 1.3691628e-02 6.0145668e-14]]
[[9.7053760e-01 6.6831052e-10 2.9462401e-02 3.0285185e-13]]
[[9.93174255e-01 2.86796975e-11 6.82574185e-03 1.31354126e-14]]
[[4.3426624e-01 7.8961284e-07 5.6573296e-01 3.1364758e-10]]
[[6.3659799e-01 2.0330053e-07 3.6340174e-01 8.2850109e-11]]
[[1.4159805e-01 6.9232265e-06 8.5839504e-01 2.6086253e-09]]
[[6.2462635e-02 2.3306897e-05 9.3751407e-01 8.4313063e-09]]
[[6.2462635e-02 2.3306897e-05 9.3751407e-01 8.4313063e-09]]
[[1.05200306e-01 1.08122867e-05 8.94788861e-01 4.00926004e-09]]
[[4.3426624e-01 7.8961284e-07 5.6573296e-01 3.1364758e-10]]
[[1.4159805e-01 6.9232265e-06 8.5839504e-01 2.6086253e-09]]
[[0.12856868 0.6349735  0.23506866 0.00138916]]
[[1.9159305e-01 4.2798029e-06 8.0840272e-01 1.6341232e-09]]
[[2.5741708e-01 2.5430281e-06 7.4258035e-01 9.8423514e-10]]
[[7.8991115e-02 1.6454083e-05 9.2099243e-01 5.9967724e-09]]
[[4.3426624e-01 7.8961284e-07 5.6573296e-01 3.1364758e-10]]
[[6.3659799e-01 2.0330053e-07 3.6340174e-01 8.2850109e-11]]
[[1.9159305e-01 4.2798029e-06 8.0840272e-01 1.6341232e-09]]
[[5.3602242e-01 4.1114254e-07 4.6397725e-01 1.6536916e-10]]
[[2.5741708e-01 2.5430281e-06 7.4258035e-01 9.8423514e-10]]
