[[0.93528694 0.06153046 0.00171954 0.00146309]]
[[0.93528694 0.06153046 0.00171954 0.00146309]]
[[0.93528694 0.06153046 0.00171954 0.00146309]]
[[0.93528694 0.06153046 0.00171954 0.00146309]]
[[0.93528694 0.06153046 0.00171954 0.00146309]]
[[0.93528694 0.06153046 0.00171954 0.00146309]]
[[0.93528694 0.06153046 0.00171954 0.00146309]]
[[0.93528694 0.06153046 0.00171954 0.00146309]]
[[0.93528694 0.06153046 0.00171954 0.00146309]]
[[0.93528694 0.06153046 0.00171954 0.00146309]]
[[0.93528694 0.06153046 0.00171954 0.00146309]]
[[0.93528694 0.06153046 0.00171954 0.00146309]]
[[0.93528694 0.06153046 0.00171954 0.00146309]]
[[0.93528694 0.06153046 0.00171954 0.00146309]]
[[0.93528694 0.06153046 0.00171954 0.00146309]]
[[0.93528694 0.06153046 0.00171954 0.00146309]]
[[0.93528694 0.06153046 0.00171954 0.00146309]]
[[0.93528694 0.06153046 0.00171954 0.00146309]]
[[0.93528694 0.06153046 0.00171954 0.00146309]]
[[0.93528694 0.06153046 0.00171954 0.00146309]]
[[0.93528694 0.06153046 0.00171954 0.00146309]]
[[0.93528694 0.06153046 0.00171954 0.00146309]]
[[0.93528694 0.06153046 0.00171954 0.00146309]]
[[0.93528694 0.06153046 0.00171954 0.00146309]]
[[0.93528694 0.06153046 0.00171954 0.00146309]]
[[0.93528694 0.06153046 0.00171954 0.00146309]]
