[[[613.   8.]]]
[[[617.  15.]]]
[[[617.  15.]]]
[[[617.  15.]]]
[[[617.  15.]]]
[[[617.  15.]]]
[[[617.  15.]]]
[[[617.  15.]]]
[[[583.  10.]]]
[[[583.  10.]]]
[[[583.  10.]]]
[[[572.   4.]]]
[[[572.   4.]]]
[[[572.   4.]]]
[[[572.   4.]]]
[[[572.   4.]]]
[[[572.   4.]]]
[[[572.   4.]]]
[[[581.   7.]]]
[[[581.   7.]]]
[[[581.   7.]]]
[[[581.   7.]]]
[[[581.   7.]]]
[[[581.   7.]]]
[[[581.   7.]]]
[[[581.   7.]]]
[[[581.   7.]]]
[[[560.   8.]]]
[[[560.   8.]]]
[[[560.   8.]]]
[[[560.   8.]]]
[[[560.   8.]]]
[[[560.   8.]]]
[[[560.   8.]]]
[[[560.   8.]]]
[[[560.   8.]]]
[[[479.   6.]]]
[[[479.   6.]]]
[[[479.   6.]]]
[[[479.   6.]]]
[[[479.   6.]]]
[[[479.   6.]]]
[[[479.   6.]]]
[[[479.   6.]]]
[[[479.   6.]]]
[[[463.   0.]]]
[[[463.   0.]]]
[[[463.   0.]]]
[[[463.   0.]]]
[[[463.   0.]]]
[[[463.   0.]]]
[[[463.   0.]]]
[[[448.   0.]]]
[[[448.   0.]]]
[[[448.   0.]]]
[[[448.   0.]]]
[[[448.   0.]]]
[[[448.   0.]]]
[[[448.   0.]]]
[[[448.   0.]]]
[[[448.   0.]]]
[[[445.   0.]]]
[[[445.   0.]]]
[[[445.   0.]]]
[[[445.   0.]]]
[[[445.   0.]]]
[[[445.   0.]]]
[[[445.   0.]]]
[[[445.   0.]]]
[[[445.   0.]]]
[[[436.   1.]]]
[[[436.   1.]]]
[[[436.   1.]]]
[[[436.   1.]]]
[[[436.   1.]]]
[[[436.   1.]]]
[[[436.   1.]]]
[[[436.   1.]]]
[[[436.   1.]]]
[[[436.   1.]]]
[[[436.   1.]]]
[[[436.   1.]]]
[[[436.   1.]]]
[[[436.   1.]]]
[[[436.   1.]]]
[[[437.   0.]]]
[[[437.   0.]]]
[[[437.   0.]]]
[[[437.   0.]]]
[[[437.   0.]]]
[[[437.   0.]]]
[[[437.   0.]]]
[[[431.   0.]]]
[[[431.   0.]]]
[[[431.   0.]]]
[[[431.   0.]]]
[[[431.   0.]]]
[[[431.   0.]]]
[[[431.   0.]]]
[[[431.   0.]]]
[[[434.   0.]]]
[[[434.   0.]]]
[[[434.   0.]]]
[[[434.   0.]]]
[[[434.   0.]]]
[[[434.   0.]]]
[[[434.   0.]]]
[[[434.   0.]]]
[[[434.   0.]]]
[[[428.   0.]]]
[[[428.   0.]]]
[[[428.   0.]]]
[[[428.   0.]]]
[[[428.   0.]]]
[[[428.   0.]]]
[[[428.   0.]]]
[[[428.   0.]]]
[[[428.   0.]]]
[[[430.   2.]]]
[[[430.   2.]]]
[[[430.   2.]]]
[[[430.   2.]]]
[[[430.   2.]]]
[[[430.   2.]]]
[[[430.   2.]]]
[[[430.   2.]]]
[[[430.   2.]]]
[[[430.   0.]]]
[[[430.   0.]]]
[[[430.   0.]]]
[[[430.   0.]]]
[[[430.   0.]]]
[[[430.   0.]]]
[[[430.   0.]]]
[[[430.   0.]]]
[[[430.   0.]]]
[[[430.   0.]]]
[[[430.   0.]]]
[[[430.   0.]]]
[[[430.   0.]]]
[[[430.   0.]]]
[[[430.   0.]]]
[[[430.   0.]]]
[[[427.   0.]]]
[[[427.   0.]]]
[[[427.   0.]]]
[[[427.   0.]]]
[[[427.   0.]]]
[[[427.   0.]]]
[[[427.   0.]]]
[[[427.   0.]]]
[[[431.   0.]]]
[[[431.   0.]]]
[[[431.   0.]]]
[[[431.   0.]]]
[[[431.   0.]]]
[[[431.   0.]]]
[[[431.   0.]]]
[[[431.   0.]]]
[[[431.   0.]]]
[[[434.   0.]]]
