5.928825736045837402e-01
6.021352410316467285e-01
6.021352410316467285e-01
6.021352410316467285e-01
6.021352410316467285e-01
6.021352410316467285e-01
6.661921739578247070e-01
7.622776031494140625e-01
7.765124440193176270e-01
7.857651114463806152e-01
7.964412569999694824e-01
8.056939244270324707e-01
7.978647947311401367e-01
8.007117509841918945e-01
8.035587072372436523e-01
7.928825616836547852e-01
8.106761574745178223e-01
8.220640420913696289e-01
8.220640420913696289e-01
8.327401876449584961e-01
8.377224206924438477e-01
8.654804229736328125e-01
8.683273792266845703e-01
8.861209750175476074e-01
8.982206583023071289e-01
9.110320210456848145e-01
8.939501643180847168e-01
9.181494712829589844e-01
9.316725730895996094e-01
9.174377322196960449e-01
9.380782842636108398e-01
9.074733257293701172e-01
9.231316447257995605e-01
9.060498476028442383e-01
9.124554991722106934e-01
9.088968038558959961e-01
9.266903996467590332e-01
9.366548061370849609e-01
9.323843121528625488e-01
9.359430670738220215e-01
9.437722563743591309e-01
9.423487782478332520e-01
9.309608340263366699e-01
9.451957345008850098e-01
9.480426907539367676e-01
9.430605173110961914e-01
9.494661688804626465e-01
9.117437601089477539e-01
9.516014456748962402e-01
9.459074735641479492e-01
