5.880681872367858887e-01
5.994318127632141113e-01
5.994318127632141113e-01
6.250000000000000000e-01
6.896306872367858887e-01
7.109375000000000000e-01
7.294034361839294434e-01
7.521306872367858887e-01
7.578125000000000000e-01
7.542613744735717773e-01
7.677556872367858887e-01
7.656250000000000000e-01
7.634943127632141113e-01
7.656250000000000000e-01
7.776988744735717773e-01
7.741477489471435547e-01
8.089488744735717773e-01
7.833806872367858887e-01
8.160511255264282227e-01
8.132102489471435547e-01
8.203125000000000000e-01
8.352272510528564453e-01
8.444602489471435547e-01
8.508522510528564453e-01
8.394886255264282227e-01
8.558238744735717773e-01
8.536931872367858887e-01
8.664772510528564453e-01
8.636363744735717773e-01
8.515625000000000000e-01
8.117897510528564453e-01
8.238636255264282227e-01
8.707386255264282227e-01
8.785511255264282227e-01
8.636363744735717773e-01
8.849431872367858887e-01
8.423295617103576660e-01
8.167613744735717773e-01
8.522727489471435547e-01
8.799715638160705566e-01
8.835227489471435547e-01
8.636363744735717773e-01
8.721590638160705566e-01
8.771306872367858887e-01
8.551136255264282227e-01
8.714488744735717773e-01
8.650568127632141113e-01
8.678977489471435547e-01
8.970170617103576660e-01
8.892045617103576660e-01
