4.376336336135864258e-01
4.419102072715759277e-01
5.680684447288513184e-01
6.407697796821594238e-01
6.607270240783691406e-01
6.899501085281372070e-01
6.870990991592407227e-01
7.099073529243469238e-01
6.842480301856994629e-01
7.034925222396850586e-01
7.141838669776916504e-01
7.184604406356811523e-01
7.241625189781188965e-01
7.255880236625671387e-01
7.270135283470153809e-01
7.220242619514465332e-01
7.298645973205566406e-01
7.277262806892395020e-01
7.255880236625671387e-01
7.327156066894531250e-01
7.505345940589904785e-01
7.505345940589904785e-01
7.804704308509826660e-01
7.747683525085449219e-01
7.769066095352172852e-01
8.118317723274230957e-01
7.990021109580993652e-01
8.096935153007507324e-01
8.602993488311767578e-01
8.610121011734008789e-01
8.488952517509460449e-01
8.553100228309631348e-01
8.916607499122619629e-01
9.066286683082580566e-01
8.973627686500549316e-01
8.667141795158386230e-01
9.080541729927062988e-01
8.902351856231689453e-01
9.208838343620300293e-01
9.322879314422607422e-01
9.109051823616027832e-01
9.166072607040405273e-01
9.201710820198059082e-01
9.344262480735778809e-01
9.365645051002502441e-01
9.337134957313537598e-01
9.344262480735778809e-01
9.080541729927062988e-01
9.401282668113708496e-01
9.444048404693603516e-01
