4.457831382751464844e-01
4.571225941181182861e-01
4.571225941181182861e-01
4.535790085792541504e-01
4.493267238140106201e-01
4.868887364864349365e-01
4.932671785354614258e-01
4.875974357128143311e-01
4.918497502803802490e-01
4.798015654087066650e-01
4.705882370471954346e-01
4.762579798698425293e-01
4.953933358192443848e-01
5.024805068969726562e-01
4.684620797634124756e-01
5.010630488395690918e-01
5.166548490524291992e-01
5.754783749580383301e-01
6.208362579345703125e-01
6.690290570259094238e-01
7.427356243133544922e-01
7.271438837051391602e-01
7.292700409889221191e-01
8.313252925872802734e-01
7.065910696983337402e-01
8.150247931480407715e-01
8.263642787933349609e-01
8.710134625434875488e-01
8.731396198272705078e-01
8.646349906921386719e-01
7.760453820228576660e-01
8.476257920265197754e-01
8.532955646514892578e-01
8.674699068069458008e-01
8.823529481887817383e-01
7.604535818099975586e-01
8.660524487495422363e-01
9.021970033645629883e-01
8.993621468544006348e-01
9.163713455200195312e-01
8.469170928001403809e-01
9.036144614219665527e-01
9.000708460807800293e-01
9.206236600875854492e-01
8.582565784454345703e-01
7.909284234046936035e-01
8.972359895706176758e-01
8.858965039253234863e-01
8.986534476280212402e-01
9.277108311653137207e-01
