2.437987178564071655e-01
2.827781736850738525e-01
5.053153634071350098e-01
5.754783749580383301e-01
6.066619157791137695e-01
5.754783749580383301e-01
5.790219902992248535e-01
6.144578456878662109e-01
5.931963324546813965e-01
5.882353186607360840e-01
6.165840029716491699e-01
6.208362579345703125e-01
6.243798732757568359e-01
6.187101602554321289e-01
6.109142303466796875e-01
5.995747447013854980e-01
6.080793738365173340e-01
6.116229891777038574e-01
6.144578456878662109e-01
6.286321878433227539e-01
6.130403876304626465e-01
6.052445173263549805e-01
6.257973313331604004e-01
6.052445173263549805e-01
6.257973313331604004e-01
6.045358180999755859e-01
6.109142303466796875e-01
6.286321878433227539e-01
6.194188594818115234e-01
6.073706746101379395e-01
6.229624152183532715e-01
6.031183600425720215e-01
6.229624152183532715e-01
6.257973313331604004e-01
6.194188594818115234e-01
6.229624152183532715e-01
6.045358180999755859e-01
6.059532165527343750e-01
6.335932016372680664e-01
6.229624152183532715e-01
6.350106596946716309e-01
6.477675437927246094e-01
6.406803727149963379e-01
6.406803727149963379e-01
6.194188594818115234e-01
6.257973313331604004e-01
6.343019008636474609e-01
6.052445173263549805e-01
6.328845024108886719e-01
6.286321878433227539e-01
