4.493267238140106201e-01
4.564138948917388916e-01
4.868887364864349365e-01
7.356484532356262207e-01
7.569099664688110352e-01
7.618710398674011230e-01
7.611622810363769531e-01
7.618710398674011230e-01
7.590361237525939941e-01
7.668320536613464355e-01
7.753366231918334961e-01
7.845499515533447266e-01
7.873848080635070801e-01
7.739192247390747070e-01
7.831325531005859375e-01
7.923458814620971680e-01
7.859674096107482910e-01
7.951807379722595215e-01
7.866761088371276855e-01
7.696669101715087891e-01
7.958894371986389160e-01
7.866761088371276855e-01
7.902197241783142090e-01
7.965981364250183105e-01
7.944719791412353516e-01
7.866761088371276855e-01
7.965981364250183105e-01
7.958894371986389160e-01
7.916371226310729980e-01
7.973068952560424805e-01
8.001417517662048340e-01
7.973068952560424805e-01
7.958894371986389160e-01
7.973068952560424805e-01
7.873848080635070801e-01
7.888022661209106445e-01
7.973068952560424805e-01
8.093550801277160645e-01
7.937632799148559570e-01
7.937632799148559570e-01
8.029766082763671875e-01
7.625797390937805176e-01
8.022679090499877930e-01
7.859674096107482910e-01
7.852587103843688965e-01
8.036853075027465820e-01
8.079376220703125000e-01
8.072289228439331055e-01
7.958894371986389160e-01
8.043940663337707520e-01
