6.201275587081909180e-01
6.314670443534851074e-01
6.314670443534851074e-01
6.498937010765075684e-01
7.583274245262145996e-01
8.107724785804748535e-01
8.171509504318237305e-01
8.299078941345214844e-01
8.412473201751708984e-01
8.391211628913879395e-01
8.391211628913879395e-01
8.454996347427368164e-01
8.483344912528991699e-01
8.476257920265197754e-01
8.547129631042480469e-01
8.334514498710632324e-01
8.440822362899780273e-01
8.426647782325744629e-01
8.384124636650085449e-01
8.405386209487915039e-01
8.469170928001403809e-01
8.518781065940856934e-01
8.540042638778686523e-01
8.540042638778686523e-01
8.582565784454345703e-01
8.547129631042480469e-01
8.596739768981933594e-01
8.306165933609008789e-01
8.462083339691162109e-01
8.483344912528991699e-01
8.646349906921386719e-01
8.639262914657592773e-01
8.858965039253234863e-01
8.979447484016418457e-01
9.064493179321289062e-01
9.199149608612060547e-01
9.319631457328796387e-01
9.369241595268249512e-01
9.114103317260742188e-01
9.234585165977478027e-01
9.355067610740661621e-01
9.468461871147155762e-01
9.362154603004455566e-01
9.440113306045532227e-01
9.404677748680114746e-01
9.482636451721191406e-01
9.425939321517944336e-01
9.503898024559020996e-01
9.220411181449890137e-01
9.241672754287719727e-01
