7.315340638160705566e-01
7.634943127632141113e-01
7.634943127632141113e-01
7.890625000000000000e-01
8.565340638160705566e-01
8.607954382896423340e-01
8.707386255264282227e-01
8.813920617103576660e-01
8.856534361839294434e-01
8.920454382896423340e-01
8.927556872367858887e-01
8.913352489471435547e-01
8.913352489471435547e-01
8.927556872367858887e-01
8.927556872367858887e-01
8.906250000000000000e-01
8.884943127632141113e-01
8.963068127632141113e-01
8.920454382896423340e-01
8.920454382896423340e-01
8.920454382896423340e-01
8.955965638160705566e-01
8.963068127632141113e-01
9.055397510528564453e-01
9.126420617103576660e-01
8.963068127632141113e-01
8.977272510528564453e-01
8.892045617103576660e-01
8.963068127632141113e-01
9.019886255264282227e-01
9.112215638160705566e-01
9.105113744735717773e-01
9.247159361839294434e-01
9.403409361839294434e-01
9.488636255264282227e-01
9.580965638160705566e-01
9.595170617103576660e-01
9.524147510528564453e-01
9.687500000000000000e-01
9.673295617103576660e-01
9.701704382896423340e-01
9.730113744735717773e-01
9.701704382896423340e-01
9.758522510528564453e-01
9.758522510528564453e-01
9.715909361839294434e-01
9.737215638160705566e-01
9.715909361839294434e-01
9.772727489471435547e-01
9.815340638160705566e-01
