6.405135393142700195e-01
6.647646427154541016e-01
6.883023977279663086e-01
8.380884528160095215e-01
8.430812954902648926e-01
8.680456280708312988e-01
8.751783370971679688e-01
8.758915662765502930e-01
8.701854348182678223e-01
8.844507932662963867e-01
8.801711797714233398e-01
8.808844685554504395e-01
8.844507932662963867e-01
8.787446618080139160e-01
8.830242753028869629e-01
8.865906000137329102e-01
8.873038291931152344e-01
8.894436359405517578e-01
8.794578909873962402e-01
8.780313730239868164e-01
8.865906000137329102e-01
8.880171179771423340e-01
8.830242753028869629e-01
8.851640224456787109e-01
8.851640224456787109e-01
8.887304067611694336e-01
8.844507932662963867e-01
8.851640224456787109e-01
8.873038291931152344e-01
8.837375044822692871e-01
8.880171179771423340e-01
8.801711797714233398e-01
8.837375044822692871e-01
8.851640224456787109e-01
8.873038291931152344e-01
8.887304067611694336e-01
8.880171179771423340e-01
8.958630561828613281e-01
8.766048550605773926e-01
8.915834426879882812e-01
8.980028629302978516e-01
9.144079685211181641e-01
9.115549325942993164e-01
9.151212573051452637e-01
9.201140999794006348e-01
9.044222831726074219e-01
9.037089943885803223e-01
9.201140999794006348e-01
9.186875820159912109e-01
9.101284146308898926e-01
