2.936508059501647949e-01
4.617604613304138184e-01
5.937951207160949707e-01
6.457431316375732422e-01
6.067820787429809570e-01
6.464646458625793457e-01
6.652236580848693848e-01
6.659451723098754883e-01
6.832611560821533203e-01
6.767676472663879395e-01
6.731601953506469727e-01
6.760461926460266113e-01
6.998556852340698242e-01
6.818181872367858887e-01
6.500721573829650879e-01
6.940836906433105469e-01
6.847041845321655273e-01
6.875901818275451660e-01
7.157287001609802246e-01
6.998556852340698242e-01
7.063491940498352051e-01
6.926407217979431152e-01
7.142857313156127930e-01
7.207792401313781738e-01
6.962481737136840820e-01
7.070707082748413086e-01
6.948052048683166504e-01
7.121211886405944824e-01
7.135642170906066895e-01
7.063491940498352051e-01
7.222222089767456055e-01
7.164502143859863281e-01
7.200577259063720703e-01
7.207792401313781738e-01
7.171717286109924316e-01
7.215006947517395020e-01
7.128427028656005859e-01
7.193362116813659668e-01
7.106782197952270508e-01
7.171717286109924316e-01
7.207792401313781738e-01
7.445887327194213867e-01
7.539682388305664062e-01
7.626262903213500977e-01
7.496392726898193359e-01
7.582972645759582520e-01
7.489177584648132324e-01
7.604617476463317871e-01
7.683982849121093750e-01
7.727272510528564453e-01
