5.949640274047851562e-01
6.237410306930541992e-01
6.280575394630432129e-01
7.661870718002319336e-01
7.848920822143554688e-01
7.935251593589782715e-01
8.100719451904296875e-01
8.021582961082458496e-01
8.107913732528686523e-01
8.071942329406738281e-01
8.115108013153076172e-01
8.223021626472473145e-01
8.136690855026245117e-01
8.230215907096862793e-01
8.187050223350524902e-01
8.294963836669921875e-01
8.136690855026245117e-01
8.453237414360046387e-01
8.388489484786987305e-01
8.388489484786987305e-01
8.467625975608825684e-01
8.424460291862487793e-01
8.417266011238098145e-01
8.460431694984436035e-01
8.604316711425781250e-01
8.611510992050170898e-01
8.769783973693847656e-01
8.712230324745178223e-01
8.899280428886413574e-01
9.028776884078979492e-01
8.999999761581420898e-01
8.812949657440185547e-01
8.812949657440185547e-01
9.028776884078979492e-01
9.035971164703369141e-01
9.100719690322875977e-01
9.194244742393493652e-01
9.187050461769104004e-01
9.258992671966552734e-01
9.251798391342163086e-01
9.251798391342163086e-01
9.402877688407897949e-01
9.309352636337280273e-01
9.453237652778625488e-01
9.539568424224853516e-01
9.302158355712890625e-01
9.223021864891052246e-01
9.460431933403015137e-01
9.453237652778625488e-01
9.582734107971191406e-01
