3.352272808551788330e-01
3.103693127632141113e-01
3.686079680919647217e-01
5.539772510528564453e-01
5.944602489471435547e-01
5.909090638160705566e-01
5.923295617103576660e-01
5.994318127632141113e-01
6.093750000000000000e-01
6.299715638160705566e-01
6.356534361839294434e-01
6.271306872367858887e-01
6.370738744735717773e-01
6.299715638160705566e-01
6.370738744735717773e-01
6.413352489471435547e-01
6.377840638160705566e-01
6.420454382896423340e-01
6.470170617103576660e-01
6.363636255264282227e-01
6.342329382896423340e-01
6.335227489471435547e-01
6.441761255264282227e-01
6.321022510528564453e-01
6.271306872367858887e-01
6.413352489471435547e-01
6.420454382896423340e-01
6.427556872367858887e-01
6.562500000000000000e-01
6.406250000000000000e-01
6.306818127632141113e-01
6.392045617103576660e-01
6.463068127632141113e-01
6.427556872367858887e-01
6.342329382896423340e-01
6.221590638160705566e-01
6.384943127632141113e-01
6.406250000000000000e-01
6.470170617103576660e-01
6.434659361839294434e-01
6.384943127632141113e-01
6.441761255264282227e-01
6.463068127632141113e-01
6.526988744735717773e-01
6.399147510528564453e-01
6.612215638160705566e-01
6.534090638160705566e-01
6.427556872367858887e-01
6.399147510528564453e-01
6.420454382896423340e-01
