5.895415544509887695e-01
6.153295040130615234e-01
6.375358104705810547e-01
7.213466763496398926e-01
7.335243821144104004e-01
7.485673427581787109e-01
7.428366541862487793e-01
7.593123316764831543e-01
7.657592892646789551e-01
7.578796744346618652e-01
7.578796744346618652e-01
7.714899778366088867e-01
7.679083347320556641e-01
7.707736492156982422e-01
7.772206068038940430e-01
7.793696522712707520e-01
7.901146411895751953e-01
7.779369354248046875e-01
8.001432418823242188e-01
7.886819243431091309e-01
8.044412732124328613e-01
8.001432418823242188e-01
8.087392449378967285e-01
8.209168910980224609e-01
8.459885120391845703e-01
8.302292227745056152e-01
8.159025907516479492e-01
8.402578830718994141e-01
8.567335009574890137e-01
8.309455513954162598e-01
8.452721834182739258e-01
8.481375575065612793e-01
8.474212288856506348e-01
8.567335009574890137e-01
8.581662178039550781e-01
8.624641895294189453e-01
8.646131753921508789e-01
8.796561360359191895e-01
9.011461138725280762e-01
9.169054627418518066e-01
9.340974092483520508e-01
9.348137378692626953e-01
9.541547298431396484e-01
9.512894153594970703e-01
9.555873870849609375e-01
9.484240412712097168e-01
9.362463951110839844e-01
9.641833901405334473e-01
9.613180756568908691e-01
9.606017470359802246e-01
