4.032601118087768555e-01
3.883770406246185303e-01
5.407512187957763672e-01
6.775336861610412598e-01
7.498227953910827637e-01
7.732104659080505371e-01
7.434443831443786621e-01
7.873848080635070801e-01
7.895109653472900391e-01
7.880935668945312500e-01
7.965981364250183105e-01
7.958894371986389160e-01
7.895109653472900391e-01
7.944719791412353516e-01
8.100637793540954590e-01
8.107724785804748535e-01
8.058114647865295410e-01
8.058114647865295410e-01
8.051027655601501465e-01
8.107724785804748535e-01
8.029766082763671875e-01
8.114812374114990234e-01
8.079376220703125000e-01
8.199858069419860840e-01
8.128986358642578125e-01
7.937632799148559570e-01
7.639971375465393066e-01
7.888022661209106445e-01
8.114812374114990234e-01
8.100637793540954590e-01
8.128986358642578125e-01
8.150247931480407715e-01
7.902197241783142090e-01
8.008504509925842285e-01
8.157335519790649414e-01
7.859674096107482910e-01
7.987242937088012695e-01
8.100637793540954590e-01
8.107724785804748535e-01
7.980155944824218750e-01
8.171509504318237305e-01
7.746279239654541016e-01
8.015591502189636230e-01
8.263642787933349609e-01
8.497519493103027344e-01
8.398299217224121094e-01
8.256555795669555664e-01
8.596739768981933594e-01
8.610914349555969238e-01
8.497519493103027344e-01
