6.938341856002807617e-01
7.037562131881713867e-01
7.037562131881713867e-01
7.292700409889221191e-01
7.597448825836181641e-01
7.618710398674011230e-01
7.689582109451293945e-01
7.788802385330200195e-01
7.732104659080505371e-01
7.781715393066406250e-01
7.895109653472900391e-01
7.739192247390747070e-01
7.880935668945312500e-01
7.873848080635070801e-01
7.810063958168029785e-01
8.022679090499877930e-01
8.192771077156066895e-01
7.930545806884765625e-01
8.043940663337707520e-01
8.334514498710632324e-01
8.490432500839233398e-01
7.838412523269653320e-01
7.888022661209106445e-01
7.873848080635070801e-01
8.398299217224121094e-01
8.554216623306274414e-01
8.405386209487915039e-01
8.525868058204650879e-01
8.554216623306274414e-01
8.178596496582031250e-01
8.490432500839233398e-01
8.157335519790649414e-01
8.447909355163574219e-01
8.802267909049987793e-01
8.476257920265197754e-01
8.369950652122497559e-01
8.802267909049987793e-01
8.908575773239135742e-01
8.830616474151611328e-01
8.348689079284667969e-01
8.447909355163574219e-01
8.618001341819763184e-01
8.674699068069458008e-01
8.759744763374328613e-01
8.703047633171081543e-01
8.837703466415405273e-01
8.759744763374328613e-01
8.632175922393798828e-01
8.766831755638122559e-01
8.802267909049987793e-01
