3.690987229347229004e-01
5.464950203895568848e-01
5.743919610977172852e-01
5.836910009384155273e-01
6.430615186691284180e-01
6.051502227783203125e-01
6.330472230911254883e-01
6.487839818000793457e-01
6.351931095123291016e-01
6.387696862220764160e-01
6.566523313522338867e-01
6.516451835632324219e-01
6.487839818000793457e-01
6.795421838760375977e-01
6.731044054031372070e-01
6.509299278259277344e-01
6.902717947959899902e-01
6.652360558509826660e-01
6.752503514289855957e-01
6.695278882980346680e-01
6.659513711929321289e-01
6.766809821128845215e-01
7.010014057159423828e-01
6.824034452438354492e-01
6.931330561637878418e-01
6.838340759277343750e-01
6.945636868476867676e-01
7.010014057159423828e-01
7.010014057159423828e-01
7.060086131095886230e-01
6.988555192947387695e-01
7.002861499786376953e-01
7.060086131095886230e-01
7.131616473197937012e-01
7.160229086875915527e-01
7.124463319778442383e-01
7.124463319778442383e-01
7.210300564765930176e-01
7.195994257926940918e-01
7.410586476325988770e-01
7.138769626617431641e-01
7.088698148727416992e-01
7.224606871604919434e-01
7.303290367126464844e-01
7.560800909996032715e-01
7.367668151855468750e-01
7.260372042655944824e-01
7.238912582397460938e-01
7.017167210578918457e-01
7.324749827384948730e-01
