6.067335009574890137e-01
6.153295040130615234e-01
6.210601925849914551e-01
7.106017470359802246e-01
7.285100221633911133e-01
7.342407107353210449e-01
7.492836713790893555e-01
7.500000000000000000e-01
7.607449889183044434e-01
7.464183568954467773e-01
7.600286602973937988e-01
7.621776461601257324e-01
7.679083347320556641e-01
7.736389636993408203e-01
7.707736492156982422e-01
7.686246633529663086e-01
7.786533236503601074e-01
7.865329384803771973e-01
7.765042781829833984e-01
7.858166098594665527e-01
7.958452701568603516e-01
7.979942560195922852e-01
8.094555735588073730e-01
8.166189193725585938e-01
7.972779273986816406e-01
8.223495483398437500e-01
8.381088972091674805e-01
8.180515766143798828e-01
8.381088972091674805e-01
8.352435827255249023e-01
8.273639082908630371e-01
8.338108658790588379e-01
8.416905403137207031e-01
8.631805181503295898e-01
8.502865433692932129e-01
8.130372762680053711e-01
8.524355292320251465e-01
8.667621612548828125e-01
8.689111471176147461e-01
8.660458326339721680e-01
8.366762399673461914e-01
8.925501704216003418e-01
9.111747741699218750e-01
9.140400886535644531e-01
9.111747741699218750e-01
9.118911027908325195e-01
9.376791119575500488e-01
9.326647520065307617e-01
9.434097409248352051e-01
9.448423981666564941e-01
