5.698086619377136230e-01
5.939050316810607910e-01
5.946137309074401855e-01
6.109142303466796875e-01
7.065910696983337402e-01
8.788093328475952148e-01
9.000708460807800293e-01
9.057406187057495117e-01
9.099929332733154297e-01
9.099929332733154297e-01
9.135364890098571777e-01
9.078667759895324707e-01
9.099929332733154297e-01
9.149539470672607422e-01
9.163713455200195312e-01
9.121190905570983887e-01
9.184975028038024902e-01
9.192062616348266602e-01
9.192062616348266602e-01
9.255846738815307617e-01
9.291282892227172852e-01
9.298369884490966797e-01
9.482636451721191406e-01
9.546421170234680176e-01
9.553508162498474121e-01
8.993621468544006348e-01
9.277108311653137207e-01
9.440113306045532227e-01
9.489723443984985352e-01
9.645641446113586426e-01
9.673990011215209961e-01
9.716513156890869141e-01
9.666903018951416016e-01
9.567682743072509766e-01
9.709426164627075195e-01
9.737774729728698730e-01
9.730687737464904785e-01
9.638554453849792480e-01
9.773210287094116211e-01
9.702338576316833496e-01
9.759036302566528320e-01
9.794471859931945801e-01
9.808646440505981445e-01
9.751948714256286621e-01
9.773210287094116211e-01
9.759036302566528320e-01
9.801559448242187500e-01
9.801559448242187500e-01
9.751948714256286621e-01
9.673990011215209961e-01
