7.498227953910827637e-01
7.753366231918334961e-01
7.753366231918334961e-01
7.873848080635070801e-01
8.157335519790649414e-01
8.277817368507385254e-01
8.511694073677062988e-01
8.554216623306274414e-01
8.674699068069458008e-01
8.646349906921386719e-01
8.688873052597045898e-01
8.639262914657592773e-01
8.603827357292175293e-01
8.752657771110534668e-01
8.710134625434875488e-01
8.717221617698669434e-01
8.688873052597045898e-01
8.646349906921386719e-01
8.717221617698669434e-01
8.766831755638122559e-01
8.731396198272705078e-01
8.667611479759216309e-01
8.717221617698669434e-01
8.738483190536499023e-01
8.752657771110534668e-01
8.660524487495422363e-01
8.858965039253234863e-01
8.703047633171081543e-01
8.802267909049987793e-01
8.830616474151611328e-01
8.802267909049987793e-01
8.880226612091064453e-01
8.724309206008911133e-01
8.603827357292175293e-01
8.773919343948364258e-01
8.965272903442382812e-01
8.695960044860839844e-01
8.873139619827270508e-01
8.880226612091064453e-01
8.306165933609008789e-01
8.795180916786193848e-01
8.802267909049987793e-01
8.936924338340759277e-01
9.043231606483459473e-01
8.986534476280212402e-01
8.908575773239135742e-01
9.092841744422912598e-01
8.986534476280212402e-01
8.823529481887817383e-01
8.802267909049987793e-01
