4.255319237709045410e-01
6.170212626457214355e-01
6.823708415031433105e-01
7.340425252914428711e-01
7.743161320686340332e-01
7.773556113243103027e-01
7.826747894287109375e-01
7.834346294403076172e-01
7.902735471725463867e-01
7.879939079284667969e-01
8.047112226486206055e-01
7.971124649047851562e-01
8.024315834045410156e-01
7.963525652885437012e-01
8.001520037651062012e-01
8.123100399971008301e-01
8.092705011367797852e-01
8.130698800086975098e-01
8.107903003692626953e-01
8.107903003692626953e-01
8.107903003692626953e-01
8.107903003692626953e-01
8.267477154731750488e-01
8.077507615089416504e-01
8.183890581130981445e-01
8.138297796249389648e-01
8.206686973571777344e-01
8.153495192527770996e-01
8.328267335891723633e-01
8.373860120773315430e-01
8.237082362174987793e-01
8.153495192527770996e-01
8.305470943450927734e-01
8.252279758453369141e-01
8.199087977409362793e-01
8.275076150894165039e-01
8.259878158569335938e-01
8.328267335891723633e-01
8.419452905654907227e-01
8.366261124610900879e-01
8.389057517051696777e-01
8.351063728332519531e-01
8.373860120773315430e-01
8.411853909492492676e-01
8.290273547172546387e-01
8.427051901817321777e-01
8.503039479255676270e-01
8.495440483093261719e-01
8.541033267974853516e-01
8.579027652740478516e-01
