4.269503653049468994e-01
5.014184117317199707e-01
5.992907881736755371e-01
5.879432559013366699e-01
6.007091999053955078e-01
6.127659678459167480e-01
5.879432559013366699e-01
6.205673813819885254e-01
6.382978558540344238e-01
6.340425610542297363e-01
6.312056779861450195e-01
6.312056779861450195e-01
6.397163271903991699e-01
6.524822711944580078e-01
6.354609727859497070e-01
6.446808576583862305e-01
6.347517967224121094e-01
6.773049831390380859e-01
6.723404526710510254e-01
6.666666865348815918e-01
6.773049831390380859e-01
6.290780305862426758e-01
6.631205677986145020e-01
6.666666865348815918e-01
6.773049831390380859e-01
6.851063966751098633e-01
6.801418662071228027e-01
6.907801628112792969e-01
6.971631050109863281e-01
6.723404526710510254e-01
7.042553424835205078e-01
7.042553424835205078e-01
7.035461068153381348e-01
7.120567560195922852e-01
6.964539289474487305e-01
7.134751677513122559e-01
7.368794083595275879e-01
7.432624101638793945e-01
6.822695136070251465e-01
7.205674052238464355e-01
7.262411117553710938e-01
7.283688187599182129e-01
7.234042286872863770e-01
7.290779948234558105e-01
7.404255270957946777e-01
7.304964661598205566e-01
7.652482390403747559e-01
7.340425252914428711e-01
7.539007067680358887e-01
7.517730593681335449e-01
