7.780286073684692383e-01
8.905192017555236816e-01
9.360421299934387207e-01
9.367945790290832520e-01
9.390519261360168457e-01
9.362302422523498535e-01
9.430022835731506348e-01
9.341610074043273926e-01
9.424379467964172363e-01
9.454476833343505859e-01
9.471406936645507812e-01
9.462001323699951172e-01
9.490218162536621094e-01
9.471406936645507812e-01
9.516553878784179688e-01
9.516553878784179688e-01
9.507148265838623047e-01
9.510910511016845703e-01
9.497742652893066406e-01
9.505267143249511719e-01
9.567343592643737793e-01
9.595560431480407715e-01
9.668924212455749512e-01
9.699021577835083008e-01
9.693378210067749023e-01
9.687734842300415039e-01
9.700902700424194336e-01
9.736644029617309570e-01
9.691497087478637695e-01
9.721595048904418945e-01
9.772385358810424805e-01
9.774266481399536133e-01
9.727238416671752930e-01
9.787434339523315430e-01
9.740406274795532227e-01
9.772385358810424805e-01
9.778028726577758789e-01
9.783672094345092773e-01
9.774266481399536133e-01
9.749811887741088867e-01
9.768623113632202148e-01
9.796839952468872070e-01
9.753574132919311523e-01
9.772385358810424805e-01
9.796839952468872070e-01
9.787434339523315430e-01
9.802483320236206055e-01
9.772385358810424805e-01
9.810007810592651367e-01
9.823175072669982910e-01
