5.956834554672241211e-01
6.237410306930541992e-01
6.302158236503601074e-01
7.647482156753540039e-01
7.805755138397216797e-01
7.928057312965393066e-01
8.028777241706848145e-01
8.064748048782348633e-01
8.115108013153076172e-01
8.136690855026245117e-01
8.093525171279907227e-01
8.115108013153076172e-01
8.079136610031127930e-01
8.136690855026245117e-01
8.071942329406738281e-01
8.194244503974914551e-01
8.187050223350524902e-01
8.143885135650634766e-01
8.158273100852966309e-01
8.294963836669921875e-01
8.323740959167480469e-01
8.359712362289428711e-01
8.294963836669921875e-01
8.453237414360046387e-01
8.366906642913818359e-01
8.640287518501281738e-01
8.669064640998840332e-01
8.453237414360046387e-01
8.136690855026245117e-01
8.510791659355163574e-01
8.733813166618347168e-01
8.791366815567016602e-01
8.489208817481994629e-01
8.805755376815795898e-01
8.863309621810913086e-01
8.906474709510803223e-01
8.920863270759582520e-01
9.079136848449707031e-01
9.122301936149597168e-01
9.201439023017883301e-01
9.359712004661560059e-01
9.115107655525207520e-01
9.294964075088500977e-01
9.410071969032287598e-01
9.151079058647155762e-01
9.374100565910339355e-01
9.352517724037170410e-01
9.424460530281066895e-01
9.503597021102905273e-01
9.410071969032287598e-01
