2.974504232406616211e-01
3.215297460556030273e-01
3.222379684448242188e-01
4.015580713748931885e-01
5.311614871025085449e-01
6.572238206863403320e-01
6.713880896568298340e-01
7.103399634361267090e-01
7.075070738792419434e-01
7.252124547958374023e-01
7.011331319808959961e-01
7.337110638618469238e-01
7.358356714248657227e-01
7.053824067115783691e-01
7.273371219635009766e-01
7.287535667419433594e-01
7.152974605560302734e-01
7.160056829452514648e-01
7.330028414726257324e-01
7.330028414726257324e-01
7.273371219635009766e-01
7.195467352867126465e-01
7.478753328323364258e-01
7.379603385925292969e-01
7.322946190834045410e-01
7.011331319808959961e-01
7.089235186576843262e-01
7.351274490356445312e-01
7.160056829452514648e-01
7.259206771850585938e-01
7.160056829452514648e-01
7.443342804908752441e-01
7.648725509643554688e-01
7.464589476585388184e-01
7.584986090660095215e-01
7.485835552215576172e-01
7.124645709991455078e-01
7.351274490356445312e-01
7.237960100173950195e-01
7.627478837966918945e-01
7.535410523414611816e-01
7.563739418983459473e-01
7.478753328323364258e-01
7.145892381668090820e-01
7.606232166290283203e-01
7.655807137489318848e-01
7.684136033058166504e-01
7.075070738792419434e-01
7.641643285751342773e-01
7.797450423240661621e-01
