6.732813715934753418e-01
7.037562131881713867e-01
7.037562131881713867e-01
7.165130972862243652e-01
7.604535818099975586e-01
7.604535818099975586e-01
7.647058963775634766e-01
7.760453820228576660e-01
7.802976369857788086e-01
7.888022661209106445e-01
7.802976369857788086e-01
7.831325531005859375e-01
7.980155944824218750e-01
7.937632799148559570e-01
8.086463212966918945e-01
7.824237942695617676e-01
8.199858069419860840e-01
7.859674096107482910e-01
8.164422512054443359e-01
7.909284234046936035e-01
8.043940663337707520e-01
8.242381215095520020e-01
7.845499515533447266e-01
8.136073946952819824e-01
8.440822362899780273e-01
8.072289228439331055e-01
8.249468207359313965e-01
8.525868058204650879e-01
8.504606485366821289e-01
8.405386209487915039e-01
8.596739768981933594e-01
8.256555795669555664e-01
8.554216623306274414e-01
8.490432500839233398e-01
8.908575773239135742e-01
8.773919343948364258e-01
8.688873052597045898e-01
8.809354901313781738e-01
9.007796049118041992e-01
8.568391203880310059e-01
8.355776071548461914e-01
8.866052627563476562e-01
8.944011330604553223e-01
8.688873052597045898e-01
8.894401192665100098e-01
8.589652776718139648e-01
8.284904360771179199e-01
8.724309206008911133e-01
9.043231606483459473e-01
8.894401192665100098e-01
