6.378455162048339844e-01
6.569808721542358398e-01
6.569808721542358398e-01
6.874557137489318848e-01
7.377746105194091797e-01
7.321048974990844727e-01
7.313961982727050781e-01
7.384833693504333496e-01
7.540751099586486816e-01
7.462792396545410156e-01
7.767540812492370605e-01
7.895109653472900391e-01
8.093550801277160645e-01
8.029766082763671875e-01
7.760453820228576660e-01
8.178596496582031250e-01
8.235294222831726074e-01
8.391211628913879395e-01
8.589652776718139648e-01
8.256555795669555664e-01
8.369950652122497559e-01
8.568391203880310059e-01
8.150247931480407715e-01
8.589652776718139648e-01
8.454996347427368164e-01
8.610914349555969238e-01
8.589652776718139648e-01
7.902197241783142090e-01
8.540042638778686523e-01
8.618001341819763184e-01
8.695960044860839844e-01
8.525868058204650879e-01
8.695960044860839844e-01
8.837703466415405273e-01
8.603827357292175293e-01
8.625088334083557129e-01
8.851878046989440918e-01
9.021970033645629883e-01
9.029057621955871582e-01
9.284195899963378906e-01
9.362154603004455566e-01
9.440113306045532227e-01
7.987242937088012695e-01
8.844791054725646973e-01
9.425939321517944336e-01
9.440113306045532227e-01
8.540042638778686523e-01
9.213323593139648438e-01
9.347980022430419922e-01
9.603118300437927246e-01
