6.498937010765075684e-01
6.569808721542358398e-01
6.569808721542358398e-01
7.016300559043884277e-01
7.377746105194091797e-01
7.349397540092468262e-01
7.335222959518432617e-01
7.384833693504333496e-01
7.590361237525939941e-01
7.647058963775634766e-01
7.668320536613464355e-01
7.739192247390747070e-01
7.639971375465393066e-01
8.008504509925842285e-01
7.739192247390747070e-01
8.072289228439331055e-01
8.043940663337707520e-01
8.242381215095520020e-01
8.291991353034973145e-01
8.391211628913879395e-01
8.355776071548461914e-01
8.263642787933349609e-01
8.511694073677062988e-01
8.483344912528991699e-01
8.625088334083557129e-01
7.916371226310729980e-01
8.483344912528991699e-01
8.540042638778686523e-01
8.362863063812255859e-01
8.561304211616516113e-01
8.483344912528991699e-01
8.632175922393798828e-01
7.618710398674011230e-01
8.412473201751708984e-01
8.816442489624023438e-01
8.724309206008911133e-01
8.738483190536499023e-01
8.674699068069458008e-01
8.972359895706176758e-01
8.433734774589538574e-01
8.873139619827270508e-01
8.858965039253234863e-01
9.036144614219665527e-01
9.078667759895324707e-01
9.234585165977478027e-01
9.177888035774230957e-01
9.099929332733154297e-01
9.347980022430419922e-01
8.710134625434875488e-01
9.064493179321289062e-01
