3.709219992160797119e-01
4.687943160533905029e-01
5.737588405609130859e-01
6.503546237945556641e-01
6.886524558067321777e-01
6.978723406791687012e-01
7.085106372833251953e-01
6.801418662071228027e-01
7.007092237472534180e-01
6.808510422706604004e-01
7.049645185470581055e-01
7.226950526237487793e-01
7.106382846832275391e-01
7.304964661598205566e-01
7.226950526237487793e-01
7.375886440277099609e-01
7.375886440277099609e-01
7.475177049636840820e-01
7.560283541679382324e-01
7.468085289001464844e-01
7.148936390876770020e-01
7.475177049636840820e-01
7.631205916404724121e-01
7.368794083595275879e-01
7.546099424362182617e-01
7.737588882446289062e-01
7.680851221084594727e-01
7.865248322486877441e-01
7.957446575164794922e-01
7.780141830444335938e-01
8.092198371887207031e-01
7.815603017807006836e-01
7.929077744483947754e-01
8.326241374015808105e-01
8.219858407974243164e-01
8.312056660652160645e-01
8.219858407974243164e-01
8.156028389930725098e-01
6.404255032539367676e-01
7.028368711471557617e-01
7.489361763000488281e-01
7.496454119682312012e-01
7.865248322486877441e-01
8.000000119209289551e-01
8.085106611251831055e-01
8.085106611251831055e-01
8.283687829971313477e-01
8.212766051292419434e-01
8.418439626693725586e-01
8.234042525291442871e-01
