6.064963340759277344e-01
7.748265862464904785e-01
7.942818403244018555e-01
8.029098510742187500e-01
8.047707676887512207e-01
8.181356787681579590e-01
8.308238983154296875e-01
8.331923484802246094e-01
8.474031686782836914e-01
8.575537204742431641e-01
8.592454791069030762e-01
8.560311198234558105e-01
8.609372377395629883e-01
8.754863739013671875e-01
8.834376335144042969e-01
8.822534084320068359e-01
8.842835426330566406e-01
9.027237296104431152e-01
9.094907641410827637e-01
9.264084100723266602e-01
9.321603775024414062e-01
9.331754446029663086e-01
9.406191706657409668e-01
9.301302433013916016e-01
9.419726133346557617e-01
9.416342377662658691e-01
9.456944465637207031e-01
9.465403556823730469e-01
9.504314064979553223e-01
9.511080980300903320e-01
9.519540071487426758e-01
9.531382322311401367e-01
9.468786716461181641e-01
9.531382322311401367e-01
9.465403556823730469e-01
9.577059745788574219e-01
9.570292830467224121e-01
9.570292830467224121e-01
9.617661833763122559e-01
9.546607732772827148e-01
9.615970253944396973e-01
9.573675990104675293e-01
9.643038511276245117e-01
9.604128003120422363e-01
9.566909074783325195e-01
9.587210416793823242e-01
9.590593576431274414e-01
9.529690146446228027e-01
9.629504084587097168e-01
9.602436423301696777e-01
