7.535511255264282227e-01
7.634943127632141113e-01
7.634943127632141113e-01
8.011363744735717773e-01
8.572443127632141113e-01
8.600852489471435547e-01
8.806818127632141113e-01
8.828125000000000000e-01
8.884943127632141113e-01
8.913352489471435547e-01
8.828125000000000000e-01
8.877840638160705566e-01
8.934659361839294434e-01
8.970170617103576660e-01
8.963068127632141113e-01
8.955965638160705566e-01
8.913352489471435547e-01
8.977272510528564453e-01
8.984375000000000000e-01
8.963068127632141113e-01
8.863636255264282227e-01
8.934659361839294434e-01
8.920454382896423340e-01
9.012784361839294434e-01
9.041193127632141113e-01
9.026988744735717773e-01
9.126420617103576660e-01
9.098011255264282227e-01
9.055397510528564453e-01
9.069602489471435547e-01
9.197443127632141113e-01
9.346590638160705566e-01
9.446022510528564453e-01
9.616477489471435547e-01
9.609375000000000000e-01
9.623579382896423340e-01
9.708806872367858887e-01
9.730113744735717773e-01
9.744318127632141113e-01
9.737215638160705566e-01
9.701704382896423340e-01
9.630681872367858887e-01
9.588068127632141113e-01
9.715909361839294434e-01
9.772727489471435547e-01
9.794034361839294434e-01
9.751420617103576660e-01
9.666193127632141113e-01
9.616477489471435547e-01
9.751420617103576660e-01
