6.590585112571716309e-01
6.647646427154541016e-01
6.883023977279663086e-01
8.352353572845458984e-01
8.587731719017028809e-01
8.680456280708312988e-01
8.794578909873962402e-01
8.716120123863220215e-01
8.601996898651123047e-01
8.851640224456787109e-01
8.830242753028869629e-01
8.844507932662963867e-01
8.823109865188598633e-01
8.815976977348327637e-01
8.723252415657043457e-01
8.815976977348327637e-01
8.823109865188598633e-01
8.851640224456787109e-01
8.873038291931152344e-01
8.865906000137329102e-01
8.873038291931152344e-01
8.844507932662963867e-01
8.880171179771423340e-01
8.801711797714233398e-01
8.844507932662963867e-01
8.851640224456787109e-01
8.844507932662963867e-01
8.887304067611694336e-01
8.851640224456787109e-01
8.844507932662963867e-01
8.894436359405517578e-01
8.880171179771423340e-01
8.858773112297058105e-01
8.887304067611694336e-01
8.808844685554504395e-01
8.787446618080139160e-01
8.887304067611694336e-01
8.894436359405517578e-01
8.944365382194519043e-01
8.994293808937072754e-01
9.051355123519897461e-01
9.008558988571166992e-01
9.079886078834533691e-01
9.108416438102722168e-01
9.172610640525817871e-01
9.165477752685546875e-01
9.108416438102722168e-01
9.258202314376831055e-01
9.365192651748657227e-01
9.208273887634277344e-01
