6.151665449142456055e-01
6.314670443534851074e-01
6.314670443534851074e-01
6.470588445663452148e-01
7.406094670295715332e-01
7.980155944824218750e-01
7.994330525398254395e-01
8.143160939216613770e-01
8.384124636650085449e-01
8.355776071548461914e-01
8.440822362899780273e-01
8.483344912528991699e-01
8.362863063812255859e-01
8.483344912528991699e-01
8.355776071548461914e-01
8.547129631042480469e-01
8.433734774589538574e-01
8.462083339691162109e-01
8.490432500839233398e-01
8.462083339691162109e-01
8.433734774589538574e-01
8.440822362899780273e-01
8.518781065940856934e-01
8.660524487495422363e-01
8.469170928001403809e-01
8.554216623306274414e-01
8.454996347427368164e-01
8.532955646514892578e-01
8.632175922393798828e-01
8.405386209487915039e-01
8.561304211616516113e-01
8.625088334083557129e-01
8.525868058204650879e-01
8.724309206008911133e-01
8.773919343948364258e-01
8.731396198272705078e-01
8.596739768981933594e-01
8.745570778846740723e-01
8.738483190536499023e-01
8.873139619827270508e-01
8.922749757766723633e-01
8.894401192665100098e-01
9.220411181449890137e-01
9.298369884490966797e-01
9.234585165977478027e-01
9.362154603004455566e-01
9.425939321517944336e-01
9.369241595268249512e-01
9.418851733207702637e-01
9.383416175842285156e-01
