4.311632812023162842e-01
4.525080025196075439e-01
4.791888892650604248e-01
4.770544171333312988e-01
4.706510007381439209e-01
4.226253926753997803e-01
4.781216681003570557e-01
4.674493074417114258e-01
4.525080025196075439e-01
4.909285008907318115e-01
5.016008615493774414e-01
5.048025846481323242e-01
4.919957220554351807e-01
4.930629730224609375e-01
5.016008615493774414e-01
5.069370269775390625e-01
4.791888892650604248e-01
4.919957220554351807e-01
5.026680827140808105e-01
4.823906123638153076e-01
5.261473059654235840e-01
4.951974451541900635e-01
4.791888892650604248e-01
5.122731924057006836e-01
5.122731924057006836e-01
4.951974451541900635e-01
5.176094174385070801e-01
5.144076943397521973e-01
5.080042481422424316e-01
5.058698058128356934e-01
4.941301941871643066e-01
4.877267777919769287e-01
5.144076943397521973e-01
5.069370269775390625e-01
5.112059712409973145e-01
5.165421366691589355e-01
5.272145271301269531e-01
5.218783617019653320e-01
5.421558022499084473e-01
5.410885810852050781e-01
5.208110809326171875e-01
5.186766386032104492e-01
5.080042481422424316e-01
5.240128040313720703e-01
5.080042481422424316e-01
5.496264696121215820e-01
5.368196368217468262e-01
5.272145271301269531e-01
5.112059712409973145e-01
5.560298562049865723e-01
