4.573529362678527832e-01
4.779411852359771729e-01
5.073529481887817383e-01
5.073529481887817383e-01
5.044117569923400879e-01
5.264706015586853027e-01
5.367646813392639160e-01
5.455882549285888672e-01
5.338235497474670410e-01
5.264706015586853027e-01
5.955882072448730469e-01
6.102941036224365234e-01
6.455882191658020020e-01
6.235294342041015625e-01
6.838235259056091309e-01
7.191176414489746094e-01
7.147058844566345215e-01
6.941176652908325195e-01
7.720588445663452148e-01
7.882353067398071289e-01
7.985293865203857422e-01
8.602941036224365234e-01
8.602941036224365234e-01
8.720588088035583496e-01
8.823529481887817383e-01
8.808823823928833008e-01
8.941176533699035645e-01
8.676470518112182617e-01
9.014706015586853027e-01
8.705882430076599121e-01
8.794117569923400879e-01
9.058823585510253906e-01
9.117646813392639160e-01
9.161764979362487793e-01
9.132353067398071289e-01
9.147058725357055664e-01
9.367647171020507812e-01
9.367647171020507812e-01
9.176470637321472168e-01
9.073529243469238281e-01
9.073529243469238281e-01
8.955882191658020020e-01
9.220588207244873047e-01
9.411764740943908691e-01
9.058823585510253906e-01
9.029411673545837402e-01
9.117646813392639160e-01
9.411764740943908691e-01
9.455882310867309570e-01
9.426470398902893066e-01
