6.335932016372680664e-01
6.569808721542358398e-01
6.569808721542358398e-01
7.087172269821166992e-01
7.406094670295715332e-01
7.278525829315185547e-01
7.377746105194091797e-01
7.533664107322692871e-01
7.519489526748657227e-01
7.455705404281616211e-01
7.781715393066406250e-01
7.937632799148559570e-01
8.051027655601501465e-01
8.058114647865295410e-01
7.866761088371276855e-01
7.824237942695617676e-01
8.086463212966918945e-01
8.164422512054443359e-01
7.965981364250183105e-01
8.320339918136596680e-01
8.299078941345214844e-01
8.412473201751708984e-01
8.575478196144104004e-01
8.518781065940856934e-01
8.511694073677062988e-01
8.540042638778686523e-01
8.476257920265197754e-01
8.454996347427368164e-01
7.370659112930297852e-01
8.001417517662048340e-01
8.483344912528991699e-01
8.575478196144104004e-01
8.532955646514892578e-01
8.136073946952819824e-01
8.334514498710632324e-01
8.483344912528991699e-01
8.660524487495422363e-01
8.731396198272705078e-01
8.674699068069458008e-01
8.823529481887817383e-01
8.788093328475952148e-01
8.795180916786193848e-01
7.554925680160522461e-01
8.731396198272705078e-01
8.958185911178588867e-01
8.908575773239135742e-01
9.021970033645629883e-01
9.000708460807800293e-01
8.986534476280212402e-01
9.241672754287719727e-01
