3.624113500118255615e-01
3.617021143436431885e-01
5.226950645446777344e-01
6.999999880790710449e-01
6.687943339347839355e-01
6.985815763473510742e-01
7.170212864875793457e-01
7.248227000236511230e-01
7.170212864875793457e-01
7.255319356918334961e-01
7.255319356918334961e-01
7.163120508193969727e-01
7.453900575637817383e-01
7.120567560195922852e-01
7.468085289001464844e-01
7.347517609596252441e-01
7.056737542152404785e-01
7.269503474235534668e-01
7.432624101638793945e-01
7.425531744956970215e-01
7.531914710998535156e-01
7.475177049636840820e-01
7.368794083595275879e-01
7.553191781044006348e-01
7.468085289001464844e-01
7.482269406318664551e-01
7.560283541679382324e-01
6.695035696029663086e-01
7.304964661598205566e-01
7.418439984321594238e-01
7.425531744956970215e-01
7.418439984321594238e-01
7.042553424835205078e-01
7.326241135597229004e-01
7.496454119682312012e-01
7.397162914276123047e-01
7.496454119682312012e-01
7.453900575637817383e-01
7.290779948234558105e-01
7.517730593681335449e-01
7.609928846359252930e-01
7.595744729042053223e-01
7.425531744956970215e-01
7.347517609596252441e-01
7.581560015678405762e-01
7.468085289001464844e-01
7.539007067680358887e-01
7.553191781044006348e-01
7.737588882446289062e-01
7.737588882446289062e-01
