3.624113500118255615e-01
4.673758745193481445e-01
5.794326066970825195e-01
6.382978558540344238e-01
6.879432797431945801e-01
7.085106372833251953e-01
6.907801628112792969e-01
7.021276354789733887e-01
7.170212864875793457e-01
7.234042286872863770e-01
7.127659320831298828e-01
7.255319356918334961e-01
6.992907524108886719e-01
7.212765812873840332e-01
7.304964661598205566e-01
7.382978796958923340e-01
7.290779948234558105e-01
7.418439984321594238e-01
7.652482390403747559e-01
7.546099424362182617e-01
7.588652372360229492e-01
7.716311812400817871e-01
7.453900575637817383e-01
7.843971848487854004e-01
8.070921897888183594e-01
7.801418304443359375e-01
7.900709509849548340e-01
8.191489577293395996e-01
8.000000119209289551e-01
8.134751915931701660e-01
8.219858407974243164e-01
7.971631288528442383e-01
7.921985983848571777e-01
8.205673694610595703e-01
8.191489577293395996e-01
8.340425491333007812e-01
8.113475441932678223e-01
8.113475441932678223e-01
8.382978439331054688e-01
8.354610204696655273e-01
8.411347270011901855e-01
8.092198371887207031e-01
7.680851221084594727e-01
7.957446575164794922e-01
8.290780186653137207e-01
8.595744967460632324e-01
8.617021441459655762e-01
8.475177288055419922e-01
8.170212507247924805e-01
8.453900814056396484e-01
