3.635719418525695801e-01
3.734939694404602051e-01
4.939759075641632080e-01
7.009213566780090332e-01
7.143869400024414062e-01
7.406094670295715332e-01
7.526577115058898926e-01
7.576187252998352051e-01
7.689582109451293945e-01
7.802976369857788086e-01
7.313961982727050781e-01
7.342310547828674316e-01
7.639971375465393066e-01
7.802976369857788086e-01
7.746279239654541016e-01
7.909284234046936035e-01
7.810063958168029785e-01
7.859674096107482910e-01
7.767540812492370605e-01
7.739192247390747070e-01
7.895109653472900391e-01
7.880935668945312500e-01
7.625797390937805176e-01
7.880935668945312500e-01
7.923458814620971680e-01
7.923458814620971680e-01
7.739192247390747070e-01
7.753366231918334961e-01
7.994330525398254395e-01
8.001417517662048340e-01
8.022679090499877930e-01
7.845499515533447266e-01
7.944719791412353516e-01
7.930545806884765625e-01
8.001417517662048340e-01
8.036853075027465820e-01
8.093550801277160645e-01
8.022679090499877930e-01
8.150247931480407715e-01
8.157335519790649414e-01
8.369950652122497559e-01
8.497519493103027344e-01
8.703047633171081543e-01
8.759744763374328613e-01
8.710134625434875488e-01
9.064493179321289062e-01
9.021970033645629883e-01
9.177888035774230957e-01
9.305456876754760742e-01
9.071580171585083008e-01
