5.319148898124694824e-01
5.460993051528930664e-01
5.460993051528930664e-01
5.468084812164306641e-01
6.092198491096496582e-01
6.297872066497802734e-01
6.539006829261779785e-01
6.702127456665039062e-01
7.063829898834228516e-01
7.276595830917358398e-01
6.858156323432922363e-01
7.673758864402770996e-01
7.255319356918334961e-01
7.787234187126159668e-01
7.758865356445312500e-01
7.992907762527465820e-01
8.113475441932678223e-01
8.085106611251831055e-01
8.553191423416137695e-01
8.404255509376525879e-01
8.475177288055419922e-01
8.709219694137573242e-01
8.737588524818420410e-01
8.886525034904479980e-01
8.723404407501220703e-01
8.475177288055419922e-01
8.489361405372619629e-01
8.269503712654113770e-01
8.851063847541809082e-01
9.070922136306762695e-01
8.865247964859008789e-01
9.134751558303833008e-01
9.212765693664550781e-01
9.290780425071716309e-01
9.148936271667480469e-01
8.999999761581420898e-01
9.276595711708068848e-01
9.134751558303833008e-01
8.539007306098937988e-01
9.283688068389892578e-01
9.319148659706115723e-01
8.836879730224609375e-01
9.361702203750610352e-01
9.177305102348327637e-01
8.787233829498291016e-01
8.695035576820373535e-01
9.290780425071716309e-01
8.957446813583374023e-01
9.397163391113281250e-01
9.312056899070739746e-01
