4.276550114154815674e-01
4.419102072715759277e-01
5.267284512519836426e-01
6.343549489974975586e-01
6.664291024208068848e-01
6.949394345283508301e-01
7.063435316085815430e-01
7.106201052665710449e-01
7.084818482398986816e-01
7.070562839508056641e-01
7.184604406356811523e-01
7.220242619514465332e-01
7.234497666358947754e-01
7.277262806892395020e-01
7.227370142936706543e-01
7.277262806892395020e-01
7.234497666358947754e-01
7.141838669776916504e-01
7.320028543472290039e-01
7.384176850318908691e-01
7.369921803474426270e-01
7.270135283470153809e-01
7.327156066894531250e-01
7.369921803474426270e-01
7.391304373741149902e-01
7.469707727432250977e-01
7.690662741661071777e-01
7.583749294281005859e-01
8.018531799316406250e-01
8.061296939849853516e-01
8.096935153007507324e-01
8.282252550125122070e-01
8.545972704887390137e-01
8.638631701469421387e-01
8.916607499122619629e-01
9.094796776771545410e-01
9.173200130462646484e-01
9.002138376235961914e-01
9.130434989929199219e-01
9.280114173889160156e-01
9.244475960731506348e-01
9.144690036773681641e-01
9.294369220733642578e-01
9.059159159660339355e-01
9.215965867042541504e-01
9.287241697311401367e-01
9.330006837844848633e-01
9.166072607040405273e-01
9.401282668113708496e-01
9.358517527580261230e-01
