4.185552299022674561e-01
4.320113360881805420e-01
4.263456165790557861e-01
6.572238206863403320e-01
7.209631800651550293e-01
6.827195286750793457e-01
7.337110638618469238e-01
7.584986090660095215e-01
7.344192862510681152e-01
7.556657195091247559e-01
7.549574971199035645e-01
7.542492747306823730e-01
7.507082223892211914e-01
7.344192862510681152e-01
7.790368199348449707e-01
7.669971585273742676e-01
7.712464332580566406e-01
7.634561061859130859e-01
7.726628780364990234e-01
7.832860946655273438e-01
7.627478837966918945e-01
7.684136033058166504e-01
7.677053809165954590e-01
7.648725509643554688e-01
7.825779318809509277e-01
7.747875452041625977e-01
7.542492747306823730e-01
7.776203751564025879e-01
7.712464332580566406e-01
7.754957675933837891e-01
7.762039899826049805e-01
7.762039899826049805e-01
7.896600365638732910e-01
7.825779318809509277e-01
7.719546556472778320e-01
7.847025394439697266e-01
7.861189842224121094e-01
7.719546556472778320e-01
7.662889361381530762e-01
7.769121527671813965e-01
7.570821642875671387e-01
7.698300480842590332e-01
7.669971585273742676e-01
7.882436513900756836e-01
7.655807137489318848e-01
7.655807137489318848e-01
7.754957675933837891e-01
7.854107618331909180e-01
7.946175932884216309e-01
7.875354290008544922e-01
