3.224663436412811279e-01
3.175053298473358154e-01
4.259390532970428467e-01
7.299787402153015137e-01
6.987951993942260742e-01
7.186392545700073242e-01
7.625797390937805176e-01
7.767540812492370605e-01
7.810063958168029785e-01
7.888022661209106445e-01
7.902197241783142090e-01
7.965981364250183105e-01
7.760453820228576660e-01
7.491140961647033691e-01
7.795889377593994141e-01
7.944719791412353516e-01
7.838412523269653320e-01
7.965981364250183105e-01
8.072289228439331055e-01
7.951807379722595215e-01
8.036853075027465820e-01
8.065202236175537109e-01
7.965981364250183105e-01
8.043940663337707520e-01
8.100637793540954590e-01
8.058114647865295410e-01
8.143160939216613770e-01
7.746279239654541016e-01
7.895109653472900391e-01
8.221119642257690430e-01
8.171509504318237305e-01
8.107724785804748535e-01
7.937632799148559570e-01
8.029766082763671875e-01
8.121899366378784180e-01
8.001417517662048340e-01
8.029766082763671875e-01
7.980155944824218750e-01
8.178596496582031250e-01
8.121899366378784180e-01
8.143160939216613770e-01
8.171509504318237305e-01
8.228207230567932129e-01
8.107724785804748535e-01
8.086463212966918945e-01
8.221119642257690430e-01
8.150247931480407715e-01
7.859674096107482910e-01
8.036853075027465820e-01
8.171509504318237305e-01
