4.691176414489746094e-01
5.073529481887817383e-01
5.073529481887817383e-01
4.955882430076599121e-01
5.058823823928833008e-01
5.308823585510253906e-01
5.441176295280456543e-01
5.014705657958984375e-01
5.500000119209289551e-01
5.617647171020507812e-01
5.411764979362487793e-01
5.588235259056091309e-01
5.352941155433654785e-01
5.455882549285888672e-01
5.720587968826293945e-01
6.220588088035583496e-01
6.676470637321472168e-01
7.382352948188781738e-01
7.264705896377563477e-01
7.294117808341979980e-01
8.000000119209289551e-01
8.338235020637512207e-01
8.382353186607360840e-01
8.397058844566345215e-01
8.426470756530761719e-01
8.514705896377563477e-01
8.426470756530761719e-01
8.632352948188781738e-01
8.852941393852233887e-01
8.985294103622436523e-01
8.985294103622436523e-01
9.058823585510253906e-01
9.235293865203857422e-01
9.117646813392639160e-01
8.691176176071166992e-01
8.705882430076599121e-01
8.602941036224365234e-01
8.588235378265380859e-01
9.294117689132690430e-01
9.176470637321472168e-01
9.044117927551269531e-01
9.279412031173706055e-01
9.132353067398071289e-01
9.308823347091674805e-01
8.970588445663452148e-01
9.205882549285888672e-01
9.117646813392639160e-01
9.279412031173706055e-01
9.279412031173706055e-01
9.470587968826293945e-01
