3.961729407310485840e-01
4.323174953460693359e-01
4.301913678646087646e-01
4.372785389423370361e-01
4.188518822193145752e-01
4.174344539642333984e-01
4.748405516147613525e-01
5.343728065490722656e-01
6.094968318939208984e-01
7.051736116409301758e-01
7.703756093978881836e-01
7.923458814620971680e-01
8.121899366378784180e-01
8.214032649993896484e-01
8.639262914657592773e-01
8.816442489624023438e-01
8.178596496582031250e-01
8.419560790061950684e-01
8.610914349555969238e-01
8.100637793540954590e-01
8.419560790061950684e-01
8.681786060333251953e-01
8.802267909049987793e-01
8.823529481887817383e-01
8.681786060333251953e-01
8.851878046989440918e-01
9.036144614219665527e-01
9.156626462936401367e-01
8.837703466415405273e-01
9.220411181449890137e-01
8.249468207359313965e-01
8.788093328475952148e-01
8.695960044860839844e-01
9.057406187057495117e-01
9.305456876754760742e-01
9.057406187057495117e-01
9.078667759895324707e-01
9.241672754287719727e-01
9.262934327125549316e-01
8.795180916786193848e-01
9.085754752159118652e-01
9.014883041381835938e-01
8.462083339691162109e-01
8.979447484016418457e-01
9.291282892227172852e-01
9.333806037902832031e-01
9.326718449592590332e-01
8.384124636650085449e-01
9.021970033645629883e-01
9.510985016822814941e-01
