3.440629541873931885e-01
5.522174239158630371e-01
5.493562221527099609e-01
5.722460746765136719e-01
5.987124443054199219e-01
6.123033165931701660e-01
6.165951490402221680e-01
6.344778537750244141e-01
6.337625384330749512e-01
6.523604989051818848e-01
6.595135927200317383e-01
6.287553906440734863e-01
6.416308879852294922e-01
6.537911295890808105e-01
6.702432036399841309e-01
6.680972576141357422e-01
6.795421838760375977e-01
6.623747944831848145e-01
6.752503514289855957e-01
6.752503514289855957e-01
6.874105930328369141e-01
6.931330561637878418e-01
6.895565390586853027e-01
6.909871101379394531e-01
7.002861499786376953e-01
7.117310166358947754e-01
7.088698148727416992e-01
7.203147411346435547e-01
7.052932977676391602e-01
7.324749827384948730e-01
7.339055538177490234e-01
6.924177408218383789e-01
7.181687951087951660e-01
7.381974458694458008e-01
7.267525196075439453e-01
7.038626670837402344e-01
7.281830906867980957e-01
7.496423721313476562e-01
7.467811107635498047e-01
7.439199090003967285e-01
7.474964261054992676e-01
7.446351647377014160e-01
7.353361845016479492e-01
7.296137213706970215e-01
7.503576278686523438e-01
7.517882585525512695e-01
7.396280169486999512e-01
7.675250172615051270e-01
7.117310166358947754e-01
7.532188892364501953e-01
