[[[392.   0.]]]
[[[397.   0.]]]
[[[393.   0.]]]
[[[389.   0.]]]
[[[392.   0.]]]
[[[392.   0.]]]
[[[385.   0.]]]
[[[388.   0.]]]
[[[384.   0.]]]
[[[382.   0.]]]
[[[387.   0.]]]
[[[386.   0.]]]
[[[387.   0.]]]
[[[390.   0.]]]
[[[389.   0.]]]
[[[390.   0.]]]
[[[393.   0.]]]
[[[390.   0.]]]
[[[388.   0.]]]
[[[391.   0.]]]
[[[388.   0.]]]
[[[388.   0.]]]
[[[384.   0.]]]
[[[385.   0.]]]
[[[383.   0.]]]
[[[381.   0.]]]
[[[381.   0.]]]
[[[385.   0.]]]
[[[375.   0.]]]
[[[371.   0.]]]
[[[378.   0.]]]
[[[380.   0.]]]
[[[377.   0.]]]
[[[378.   0.]]]
[[[383.   0.]]]
[[[382.   0.]]]
[[[381.   0.]]]
[[[377.   0.]]]
[[[373.   0.]]]
[[[384.   0.]]]
[[[382.   0.]]]
[[[376.   0.]]]
[[[377.   0.]]]
[[[371.   0.]]]
[[[368.   0.]]]
[[[371.   0.]]]
[[[366.   0.]]]
[[[368.   0.]]]
[[[369.   0.]]]
[[[375.   0.]]]
[[[372.   0.]]]
[[[379.   0.]]]
[[[373.   0.]]]
[[[372.   0.]]]
[[[370.   0.]]]
[[[367.   0.]]]
[[[374.   0.]]]
[[[370.   0.]]]
[[[361.   0.]]]
[[[369.   0.]]]
[[[366.   0.]]]
[[[370.   0.]]]
[[[362.   0.]]]
[[[363.   0.]]]
[[[363.   0.]]]
[[[361.   0.]]]
[[[362.   0.]]]
[[[371.   0.]]]
[[[370.   0.]]]
[[[369.   0.]]]
[[[361.   0.]]]
[[[370.   0.]]]
[[[367.   0.]]]
[[[365.   0.]]]
[[[364.   0.]]]
[[[364.   0.]]]
[[[369.   0.]]]
[[[375.   0.]]]
[[[371.   0.]]]
[[[363.   0.]]]
[[[366.   0.]]]
[[[367.   0.]]]
[[[370.   0.]]]
[[[367.   0.]]]
[[[378.   0.]]]
[[[374.   0.]]]
[[[373.   0.]]]
[[[383.   0.]]]
[[[383.   0.]]]
[[[380.   0.]]]
[[[382.   0.]]]
[[[376.   0.]]]
[[[386.   0.]]]
[[[379.   0.]]]
[[[372.   0.]]]
[[[373.   0.]]]
[[[380.   0.]]]
[[[375.   0.]]]
[[[377.   0.]]]
[[[369.   0.]]]
[[[374.   0.]]]
[[[372.   0.]]]
[[[378.   0.]]]
[[[380.   0.]]]
[[[378.   0.]]]
[[[369.   0.]]]
[[[373.   0.]]]
[[[376.   0.]]]
[[[380.   0.]]]
[[[378.   0.]]]
[[[379.   0.]]]
[[[382.   0.]]]
[[[384.   0.]]]
[[[386.   0.]]]
[[[385.   0.]]]
[[[390.   0.]]]
[[[389.   0.]]]
[[[388.   0.]]]
[[[388.   0.]]]
[[[388.   0.]]]
[[[390.   0.]]]
[[[390.   0.]]]
[[[388.   0.]]]
[[[386.   0.]]]
[[[381.   0.]]]
[[[388.   0.]]]
[[[388.   0.]]]
[[[388.   0.]]]
[[[388.   0.]]]
[[[386.   0.]]]
[[[397.   0.]]]
[[[392.   1.]]]
[[[390.   0.]]]
[[[386.   0.]]]
[[[382.   0.]]]
[[[387.   0.]]]
[[[389.   0.]]]
[[[384.   0.]]]
[[[388.   0.]]]
[[[387.   0.]]]
[[[383.   0.]]]
[[[382.   0.]]]
[[[388.   0.]]]
[[[387.   0.]]]
[[[388.   0.]]]
[[[384.   0.]]]
[[[384.   0.]]]
[[[398.   0.]]]
[[[397.   0.]]]
[[[391.   0.]]]
[[[395.   0.]]]
[[[393.   0.]]]
[[[396.   0.]]]
[[[400.   0.]]]
[[[399.   0.]]]
[[[398.   0.]]]
[[[394.   0.]]]
[[[394.   0.]]]
[[[394.   0.]]]
[[[398.   0.]]]
[[[393.   0.]]]
[[[394.   0.]]]
[[[403.   0.]]]
[[[397.   0.]]]
[[[397.   0.]]]
[[[396.   0.]]]
[[[397.   0.]]]
[[[398.   0.]]]
[[[400.   0.]]]
[[[398.   0.]]]
[[[398.   0.]]]
[[[398.   0.]]]
[[[397.   0.]]]
[[[396.   0.]]]
[[[400.   0.]]]
[[[401.   0.]]]
[[[401.   0.]]]
[[[400.   1.]]]
[[[401.   0.]]]
[[[407.   0.]]]
[[[401.   0.]]]
[[[403.   0.]]]
[[[404.   0.]]]
[[[400.   0.]]]
[[[406.   0.]]]
[[[407.   0.]]]
[[[412.   0.]]]
[[[408.   0.]]]
[[[407.   0.]]]
[[[407.   0.]]]
[[[411.   0.]]]
[[[407.   0.]]]
[[[401.   0.]]]
[[[406.   0.]]]
[[[405.   0.]]]
[[[405.   0.]]]
[[[409.   0.]]]
[[[407.   0.]]]
[[[403.   0.]]]
[[[399.   0.]]]
[[[403.   0.]]]
[[[396.   0.]]]
[[[397.   0.]]]
[[[402.   0.]]]
[[[403.   0.]]]
[[[398.   0.]]]
[[[403.   0.]]]
[[[399.   0.]]]
[[[408.   0.]]]
[[[400.   0.]]]
[[[398.   0.]]]
[[[397.   0.]]]
[[[399.   0.]]]
[[[399.   0.]]]
[[[400.   0.]]]
[[[405.   0.]]]
[[[396.   0.]]]
[[[404.   0.]]]
[[[406.   0.]]]
[[[407.   0.]]]
[[[400.   0.]]]
[[[402.   0.]]]
[[[409.   0.]]]
[[[406.   0.]]]
[[[413.   0.]]]
[[[411.   0.]]]
[[[411.   0.]]]
[[[415.   0.]]]
[[[409.   0.]]]
[[[412.   0.]]]
[[[414.   0.]]]
[[[409.   0.]]]
[[[414.   0.]]]
[[[413.   0.]]]
[[[418.   0.]]]
[[[419.   0.]]]
[[[417.   0.]]]
[[[415.   0.]]]
[[[410.   0.]]]
[[[411.   0.]]]
[[[417.   0.]]]
[[[407.   0.]]]
[[[410.   0.]]]
[[[406.   0.]]]
[[[423.   0.]]]
[[[411.   0.]]]
[[[413.   0.]]]
[[[410.   0.]]]
[[[410.   0.]]]
[[[414.   0.]]]
[[[413.   0.]]]
[[[413.   0.]]]
[[[414.   0.]]]
[[[410.   0.]]]
[[[409.   1.]]]
[[[418.   0.]]]
[[[422.   0.]]]
[[[421.   0.]]]
[[[413.   0.]]]
[[[413.   0.]]]
[[[421.   0.]]]
[[[418.   0.]]]
[[[414.   0.]]]
[[[412.   0.]]]
[[[406.   0.]]]
[[[404.   0.]]]
[[[411.   0.]]]
[[[409.   0.]]]
[[[403.   1.]]]
[[[405.   0.]]]
[[[407.   0.]]]
[[[406.   0.]]]
[[[404.   0.]]]
[[[405.   0.]]]
[[[406.   0.]]]
[[[410.   0.]]]
[[[409.   0.]]]
[[[411.   0.]]]
[[[407.   0.]]]
[[[406.   0.]]]
[[[409.   0.]]]
[[[404.   1.]]]
[[[399.   0.]]]
[[[400.   0.]]]
[[[403.   0.]]]
[[[408.   1.]]]
[[[407.   1.]]]
[[[414.   1.]]]
[[[412.   0.]]]
[[[406.   0.]]]
[[[409.   0.]]]
[[[420.   0.]]]
[[[415.   0.]]]
[[[420.   0.]]]
[[[422.   0.]]]
[[[418.   0.]]]
[[[426.   0.]]]
[[[428.   0.]]]
[[[428.   0.]]]
[[[427.   0.]]]
[[[434.   0.]]]
[[[426.   0.]]]
[[[424.   0.]]]
[[[425.   0.]]]
[[[429.   0.]]]
[[[428.   0.]]]
[[[429.   0.]]]
[[[423.   0.]]]
[[[422.   0.]]]
[[[423.   0.]]]
[[[424.   0.]]]
[[[419.   0.]]]
[[[422.   0.]]]
[[[423.   0.]]]
[[[427.   0.]]]
[[[420.   0.]]]
[[[430.   0.]]]
[[[428.   0.]]]
[[[427.   0.]]]
[[[432.   0.]]]
[[[426.   0.]]]
[[[430.   0.]]]
[[[430.   0.]]]
[[[432.   0.]]]
[[[434.   0.]]]
[[[428.   0.]]]
[[[428.   0.]]]
[[[425.   0.]]]
[[[432.   0.]]]
[[[438.   0.]]]
[[[435.   0.]]]
[[[432.   0.]]]
[[[428.   0.]]]
[[[433.   0.]]]
[[[437.   0.]]]
[[[443.   0.]]]
[[[433.   0.]]]
[[[435.   0.]]]
[[[436.   0.]]]
[[[430.   0.]]]
[[[438.   0.]]]
[[[439.   0.]]]
[[[428.   0.]]]
[[[426.   0.]]]
[[[435.   0.]]]
[[[427.   0.]]]
[[[433.   0.]]]
[[[431.   0.]]]
[[[426.   0.]]]
[[[432.   0.]]]
[[[431.   0.]]]
[[[424.   0.]]]
[[[430.   0.]]]
[[[431.   0.]]]
[[[427.   0.]]]
[[[421.   2.]]]
[[[426.   3.]]]
[[[426.   0.]]]
[[[420.   0.]]]
[[[419.   0.]]]
[[[413.   0.]]]
[[[416.   0.]]]
[[[421.   0.]]]
[[[419.   0.]]]
[[[411.   0.]]]
[[[408.   0.]]]
[[[410.   0.]]]
[[[411.   0.]]]
[[[409.   0.]]]
[[[407.   0.]]]
[[[408.   0.]]]
[[[408.   0.]]]
[[[413.   0.]]]
[[[402.   0.]]]
[[[405.   0.]]]
[[[399.   0.]]]
[[[407.   0.]]]
[[[412.   0.]]]
[[[411.   1.]]]
[[[407.   0.]]]
[[[413.   0.]]]
[[[409.   0.]]]
[[[410.   0.]]]
[[[408.   0.]]]
[[[410.   0.]]]
[[[407.   0.]]]
[[[406.   0.]]]
[[[399.   0.]]]
[[[406.   0.]]]
[[[406.   0.]]]
[[[409.   0.]]]
[[[406.   0.]]]
[[[400.   0.]]]
[[[409.   0.]]]
[[[404.   0.]]]
[[[402.   0.]]]
[[[405.   0.]]]
[[[407.   0.]]]
[[[402.   0.]]]
[[[410.   0.]]]
[[[410.   1.]]]
[[[414.   0.]]]
[[[411.   0.]]]
[[[416.   0.]]]
[[[409.   0.]]]
[[[417.   0.]]]
[[[414.   0.]]]
[[[419.   0.]]]
[[[424.   0.]]]
[[[417.   1.]]]
[[[424.   0.]]]
[[[421.   0.]]]
[[[422.   0.]]]
[[[422.   0.]]]
[[[425.   0.]]]
[[[413.   0.]]]
[[[417.   0.]]]
[[[427.   0.]]]
[[[428.   0.]]]
[[[418.   0.]]]
[[[415.   0.]]]
[[[410.   0.]]]
[[[422.   0.]]]
[[[416.   0.]]]
[[[419.   0.]]]
[[[415.   0.]]]
[[[411.   0.]]]
[[[415.   0.]]]
[[[415.   0.]]]
[[[417.   0.]]]
[[[422.   0.]]]
[[[429.   0.]]]
[[[425.   0.]]]
[[[416.   0.]]]
[[[424.   0.]]]
[[[425.   0.]]]
[[[424.   0.]]]
[[[418.   0.]]]
[[[413.   0.]]]
[[[416.   1.]]]
[[[422.   1.]]]
[[[421.   0.]]]
[[[423.   0.]]]
[[[421.   0.]]]
[[[421.   0.]]]
[[[425.   0.]]]
[[[424.   0.]]]
[[[418.   0.]]]
[[[415.   0.]]]
[[[413.   0.]]]
[[[422.   0.]]]
[[[417.   0.]]]
[[[411.   0.]]]
[[[417.   0.]]]
[[[416.   0.]]]
[[[412.   0.]]]
[[[415.   0.]]]
[[[400.   0.]]]
[[[415.   0.]]]
[[[409.   0.]]]
[[[418.   0.]]]
[[[409.   0.]]]
[[[409.   0.]]]
[[[410.   0.]]]
[[[408.   0.]]]
[[[417.   0.]]]
[[[409.   0.]]]
[[[404.   1.]]]
[[[410.   0.]]]
[[[409.   0.]]]
[[[410.   0.]]]
[[[416.   0.]]]
[[[412.   0.]]]
[[[422.   0.]]]
[[[417.   1.]]]
[[[417.   0.]]]
[[[420.   0.]]]
[[[415.   0.]]]
[[[423.   0.]]]
[[[416.   0.]]]
[[[416.   1.]]]
[[[423.   0.]]]
[[[423.   0.]]]
[[[418.   0.]]]
[[[422.   0.]]]
[[[417.   0.]]]
[[[423.   1.]]]
[[[416.   0.]]]
[[[415.   0.]]]
[[[420.   0.]]]
[[[419.   0.]]]
[[[429.   0.]]]
[[[420.   0.]]]
[[[418.   0.]]]
[[[420.   0.]]]
[[[418.   0.]]]
[[[417.   0.]]]
[[[417.   0.]]]
[[[422.   0.]]]
[[[417.   0.]]]
[[[415.   0.]]]
[[[424.   0.]]]
[[[423.   0.]]]
[[[424.   0.]]]
[[[416.   0.]]]
[[[417.   0.]]]
[[[422.   0.]]]
[[[421.   0.]]]
[[[431.   0.]]]
[[[433.   0.]]]
[[[426.   0.]]]
[[[422.   0.]]]
[[[422.   0.]]]
[[[424.   0.]]]
[[[431.   0.]]]
[[[426.   0.]]]
[[[423.   0.]]]
[[[429.   0.]]]
[[[435.   0.]]]
[[[432.   0.]]]
[[[436.   0.]]]
[[[436.   0.]]]
[[[444.   0.]]]
[[[433.   0.]]]
[[[430.   0.]]]
[[[436.   0.]]]
[[[436.   0.]]]
[[[431.   0.]]]
[[[438.   0.]]]
[[[440.   0.]]]
[[[440.   0.]]]
[[[438.   0.]]]
[[[431.   0.]]]
[[[434.   1.]]]
[[[431.   0.]]]
[[[439.   0.]]]
[[[434.   0.]]]
[[[435.   0.]]]
[[[435.   0.]]]
[[[441.   0.]]]
[[[442.   0.]]]
[[[435.   0.]]]
[[[435.   1.]]]
[[[432.   0.]]]
[[[434.   0.]]]
[[[432.   0.]]]
[[[442.   0.]]]
[[[441.   0.]]]
[[[441.   0.]]]
[[[440.   0.]]]
[[[432.   0.]]]
[[[431.   0.]]]
[[[434.   0.]]]
[[[432.   0.]]]
[[[426.   0.]]]
[[[430.   0.]]]
[[[429.   0.]]]
[[[430.   0.]]]
[[[427.   0.]]]
[[[429.   0.]]]
[[[430.   0.]]]
[[[432.   0.]]]
[[[433.   0.]]]
[[[435.   0.]]]
[[[433.   0.]]]
[[[430.   0.]]]
[[[426.   1.]]]
[[[427.   0.]]]
[[[420.   0.]]]
[[[412.   0.]]]
[[[418.   0.]]]
[[[414.   0.]]]
[[[418.   1.]]]
[[[408.   0.]]]
[[[416.   0.]]]
[[[413.   0.]]]
[[[411.   0.]]]
[[[401.   0.]]]
[[[408.   0.]]]
[[[412.   0.]]]
[[[413.   0.]]]
[[[419.   0.]]]
[[[421.   0.]]]
[[[419.   0.]]]
[[[412.   0.]]]
[[[418.   0.]]]
[[[411.   0.]]]
[[[419.   0.]]]
[[[415.   0.]]]
[[[414.   0.]]]
[[[413.   0.]]]
[[[419.   0.]]]
[[[411.   0.]]]
[[[410.   0.]]]
[[[413.   0.]]]
[[[403.   0.]]]
[[[406.   0.]]]
[[[408.   0.]]]
[[[412.   0.]]]
[[[410.   0.]]]
[[[408.   0.]]]
[[[408.   0.]]]
[[[406.   0.]]]
[[[405.   0.]]]
[[[407.   0.]]]
[[[401.   0.]]]
[[[403.   0.]]]
[[[406.   0.]]]
[[[401.   0.]]]
[[[402.   0.]]]
[[[403.   0.]]]
[[[403.   0.]]]
[[[404.   0.]]]
[[[403.   0.]]]
[[[396.   0.]]]
[[[396.   0.]]]
[[[393.   0.]]]
[[[394.   0.]]]
[[[390.   0.]]]
[[[391.   0.]]]
[[[394.   0.]]]
[[[398.   0.]]]
[[[389.   0.]]]
[[[393.   0.]]]
[[[397.   0.]]]
[[[398.   0.]]]
[[[398.   0.]]]
[[[395.   0.]]]
[[[399.   0.]]]
[[[404.   0.]]]
[[[402.   0.]]]
[[[412.   0.]]]
[[[404.   0.]]]
[[[412.   0.]]]
[[[410.   0.]]]
[[[416.   0.]]]
[[[411.   0.]]]
[[[410.   0.]]]
[[[414.   0.]]]
[[[403.   0.]]]
[[[406.   0.]]]
[[[411.   0.]]]
[[[408.   0.]]]
[[[409.   0.]]]
[[[407.   0.]]]
[[[413.   0.]]]
[[[420.   0.]]]
[[[408.   0.]]]
[[[411.   0.]]]
[[[405.   0.]]]
[[[405.   0.]]]
[[[412.   0.]]]
[[[413.   1.]]]
[[[413.   0.]]]
[[[406.   0.]]]
[[[404.   0.]]]
[[[406.   0.]]]
[[[401.   0.]]]
[[[403.   0.]]]
[[[407.   0.]]]
[[[410.   0.]]]
[[[408.   0.]]]
[[[405.   0.]]]
[[[412.   0.]]]
[[[414.   0.]]]
[[[415.   0.]]]
[[[413.   0.]]]
[[[412.   0.]]]
[[[412.   0.]]]
