[[[427.   0.]]]
[[[424.   0.]]]
[[[423.   0.]]]
[[[416.   0.]]]
[[[419.   0.]]]
[[[422.   0.]]]
[[[421.   0.]]]
[[[416.   0.]]]
[[[410.   0.]]]
[[[417.   0.]]]
[[[414.   0.]]]
[[[418.   0.]]]
[[[414.   0.]]]
[[[416.   0.]]]
[[[409.   0.]]]
[[[410.   0.]]]
[[[405.   0.]]]
[[[410.   0.]]]
[[[408.   0.]]]
[[[410.   0.]]]
[[[412.   0.]]]
[[[403.   0.]]]
[[[415.   0.]]]
[[[403.   0.]]]
[[[408.   0.]]]
[[[411.   0.]]]
[[[405.   0.]]]
[[[406.   0.]]]
[[[410.   0.]]]
[[[405.   0.]]]
[[[418.   0.]]]
[[[405.   0.]]]
[[[410.   0.]]]
[[[410.   0.]]]
[[[406.   0.]]]
[[[407.   0.]]]
[[[404.   0.]]]
[[[403.   0.]]]
[[[405.   0.]]]
[[[404.   0.]]]
[[[403.   0.]]]
[[[406.   0.]]]
[[[409.   0.]]]
[[[412.   0.]]]
[[[409.   0.]]]
[[[404.   0.]]]
[[[411.   0.]]]
[[[404.   0.]]]
[[[418.   0.]]]
[[[425.   0.]]]
[[[420.   0.]]]
[[[431.   0.]]]
[[[425.   0.]]]
[[[421.   0.]]]
[[[427.   0.]]]
[[[425.   0.]]]
[[[421.   0.]]]
[[[423.   0.]]]
[[[429.   0.]]]
[[[430.   0.]]]
[[[433.   0.]]]
[[[431.   0.]]]
[[[430.   0.]]]
[[[433.   0.]]]
[[[440.   0.]]]
[[[431.   0.]]]
[[[433.   0.]]]
[[[442.   0.]]]
[[[531.  14.]]]
[[[526.  20.]]]
[[[569.  16.]]]
[[[629.  10.]]]
[[[681.  17.]]]
[[[692.   6.]]]
[[[716.  11.]]]
[[[656.   2.]]]
[[[633.   0.]]]
[[[626.   2.]]]
