[[[421.   0.]]]
[[[418.   0.]]]
[[[423.   0.]]]
[[[424.   0.]]]
[[[424.   0.]]]
[[[421.   0.]]]
[[[420.   0.]]]
[[[417.   1.]]]
[[[418.   0.]]]
[[[409.   0.]]]
[[[416.   0.]]]
[[[422.   0.]]]
[[[426.   0.]]]
[[[424.   0.]]]
[[[427.   0.]]]
[[[427.   0.]]]
[[[437.   0.]]]
[[[439.   0.]]]
[[[436.   0.]]]
[[[427.   0.]]]
[[[434.   0.]]]
[[[432.   0.]]]
[[[438.   0.]]]
[[[437.   0.]]]
[[[443.   0.]]]
[[[445.   0.]]]
[[[441.   0.]]]
[[[438.   0.]]]
[[[436.   0.]]]
[[[440.   0.]]]
[[[438.   0.]]]
[[[439.   0.]]]
[[[441.   0.]]]
[[[442.   0.]]]
[[[441.   0.]]]
[[[441.   0.]]]
[[[443.   0.]]]
[[[437.   0.]]]
[[[441.   0.]]]
[[[440.   0.]]]
[[[439.   0.]]]
[[[432.   0.]]]
[[[435.   0.]]]
[[[440.   0.]]]
[[[439.   0.]]]
[[[439.   0.]]]
[[[439.   0.]]]
[[[440.   0.]]]
[[[434.   0.]]]
[[[442.   0.]]]
[[[447.   0.]]]
[[[439.   0.]]]
[[[442.   0.]]]
[[[442.   0.]]]
[[[446.   0.]]]
[[[435.   0.]]]
[[[430.   0.]]]
[[[430.   0.]]]
[[[428.   0.]]]
[[[425.   0.]]]
[[[428.   0.]]]
[[[432.   0.]]]
[[[435.   0.]]]
[[[429.   0.]]]
[[[422.   0.]]]
[[[424.   0.]]]
[[[415.   0.]]]
[[[420.   0.]]]
[[[422.   0.]]]
[[[416.   0.]]]
[[[426.   0.]]]
[[[422.   0.]]]
[[[424.   0.]]]
[[[417.   0.]]]
[[[423.   0.]]]
[[[415.   0.]]]
[[[414.   0.]]]
[[[415.   0.]]]
[[[418.   0.]]]
[[[417.   0.]]]
[[[419.   0.]]]
[[[423.   0.]]]
[[[418.   0.]]]
[[[426.   0.]]]
[[[422.   0.]]]
[[[414.   0.]]]
[[[419.   0.]]]
[[[414.   0.]]]
[[[419.   0.]]]
[[[419.   0.]]]
[[[420.   0.]]]
[[[420.   0.]]]
[[[414.   0.]]]
[[[418.   1.]]]
[[[419.   0.]]]
[[[425.   0.]]]
[[[419.   0.]]]
[[[418.   0.]]]
[[[421.   0.]]]
[[[423.   0.]]]
[[[419.   1.]]]
[[[416.   0.]]]
[[[419.   0.]]]
[[[420.   0.]]]
[[[422.   0.]]]
[[[419.   0.]]]
[[[422.   0.]]]
[[[431.   0.]]]
[[[425.   0.]]]
[[[427.   0.]]]
[[[425.   0.]]]
[[[424.   0.]]]
[[[422.   0.]]]
[[[426.   0.]]]
[[[421.   0.]]]
[[[420.   0.]]]
[[[417.   0.]]]
[[[414.   0.]]]
[[[423.   0.]]]
[[[418.   0.]]]
[[[410.   0.]]]
[[[410.   0.]]]
[[[408.   0.]]]
[[[412.   0.]]]
[[[421.   0.]]]
[[[407.   0.]]]
[[[407.   0.]]]
[[[408.   0.]]]
[[[399.   0.]]]
[[[395.   0.]]]
[[[403.   0.]]]
[[[402.   0.]]]
[[[401.   0.]]]
[[[408.   0.]]]
[[[401.   0.]]]
[[[399.   0.]]]
[[[397.   0.]]]
[[[394.   0.]]]
[[[398.   0.]]]
[[[394.   0.]]]
[[[398.   0.]]]
[[[399.   0.]]]
[[[394.   0.]]]
[[[389.   0.]]]
[[[388.   0.]]]
[[[393.   0.]]]
[[[399.   0.]]]
[[[394.   0.]]]
[[[402.   0.]]]
[[[397.   0.]]]
[[[404.   0.]]]
[[[404.   0.]]]
[[[399.   0.]]]
[[[394.   0.]]]
[[[399.   0.]]]
[[[401.   0.]]]
[[[403.   0.]]]
[[[410.   0.]]]
[[[407.   0.]]]
[[[405.   0.]]]
[[[402.   0.]]]
[[[406.   0.]]]
[[[404.   0.]]]
[[[405.   0.]]]
[[[404.   0.]]]
[[[407.   0.]]]
[[[407.   0.]]]
[[[409.   0.]]]
[[[402.   0.]]]
[[[405.   0.]]]
[[[405.   0.]]]
[[[408.   0.]]]
[[[404.   0.]]]
[[[409.   0.]]]
[[[406.   0.]]]
[[[402.   0.]]]
[[[401.   0.]]]
[[[404.   0.]]]
[[[402.   0.]]]
[[[400.   0.]]]
[[[401.   0.]]]
[[[402.   0.]]]
[[[401.   0.]]]
[[[400.   0.]]]
[[[406.   0.]]]
[[[402.   0.]]]
[[[402.   0.]]]
[[[402.   0.]]]
[[[407.   0.]]]
[[[409.   0.]]]
[[[411.   0.]]]
[[[404.   0.]]]
[[[407.   0.]]]
[[[408.   0.]]]
[[[412.   0.]]]
[[[408.   0.]]]
[[[406.   0.]]]
[[[410.   0.]]]
[[[412.   0.]]]
[[[412.   0.]]]
[[[407.   0.]]]
[[[408.   0.]]]
[[[411.   0.]]]
[[[411.   1.]]]
[[[410.   0.]]]
[[[417.   1.]]]
[[[414.   0.]]]
[[[413.   0.]]]
[[[412.   0.]]]
[[[408.   0.]]]
[[[413.   0.]]]
[[[416.   0.]]]
[[[412.   0.]]]
[[[412.   0.]]]
[[[420.   0.]]]
[[[416.   0.]]]
[[[417.   0.]]]
[[[420.   0.]]]
[[[416.   0.]]]
[[[425.   0.]]]
[[[421.   0.]]]
[[[423.   0.]]]
[[[422.   0.]]]
[[[415.   0.]]]
[[[419.   0.]]]
[[[416.   0.]]]
[[[412.   0.]]]
[[[416.   0.]]]
[[[414.   0.]]]
[[[420.   0.]]]
[[[418.   0.]]]
[[[416.   0.]]]
[[[421.   0.]]]
[[[420.   0.]]]
[[[419.   0.]]]
[[[416.   0.]]]
[[[420.   0.]]]
[[[419.   0.]]]
[[[414.   0.]]]
[[[422.   0.]]]
[[[417.   0.]]]
[[[419.   0.]]]
[[[414.   1.]]]
[[[422.   0.]]]
[[[420.   0.]]]
[[[420.   0.]]]
[[[415.   0.]]]
[[[419.   0.]]]
[[[426.   0.]]]
[[[418.   0.]]]
[[[424.   0.]]]
[[[422.   0.]]]
[[[419.   0.]]]
[[[423.   0.]]]
[[[421.   0.]]]
[[[424.   0.]]]
[[[431.   0.]]]
[[[427.   1.]]]
[[[423.   1.]]]
[[[428.   0.]]]
[[[423.   0.]]]
[[[420.   0.]]]
[[[418.   0.]]]
[[[423.   0.]]]
[[[416.   0.]]]
[[[418.   0.]]]
[[[422.   0.]]]
[[[415.   0.]]]
[[[413.   0.]]]
[[[419.   0.]]]
[[[419.   0.]]]
[[[426.   0.]]]
[[[429.   0.]]]
[[[429.   0.]]]
[[[426.   0.]]]
[[[422.   0.]]]
[[[420.   0.]]]
[[[414.   0.]]]
[[[413.   1.]]]
[[[421.   0.]]]
[[[420.   0.]]]
[[[415.   0.]]]
[[[422.   0.]]]
[[[424.   0.]]]
[[[423.   0.]]]
[[[423.   0.]]]
[[[422.   0.]]]
[[[423.   1.]]]
[[[427.   0.]]]
[[[421.   0.]]]
[[[430.   0.]]]
[[[417.   0.]]]
[[[421.   0.]]]
[[[421.   0.]]]
[[[419.   0.]]]
[[[414.   0.]]]
[[[410.   0.]]]
[[[422.   0.]]]
[[[428.   0.]]]
[[[429.   0.]]]
[[[420.   0.]]]
[[[416.   0.]]]
[[[420.   0.]]]
[[[415.   0.]]]
[[[418.   0.]]]
[[[416.   0.]]]
[[[415.   0.]]]
[[[413.   0.]]]
[[[406.   0.]]]
[[[405.   0.]]]
[[[413.   0.]]]
[[[422.   0.]]]
[[[413.   0.]]]
[[[416.   0.]]]
[[[414.   0.]]]
[[[411.   0.]]]
[[[419.   0.]]]
[[[425.   0.]]]
[[[425.   0.]]]
[[[420.   0.]]]
[[[428.   0.]]]
[[[423.   0.]]]
[[[417.   0.]]]
[[[420.   0.]]]
[[[412.   0.]]]
[[[411.   0.]]]
[[[416.   0.]]]
[[[429.   0.]]]
[[[421.   0.]]]
[[[412.   0.]]]
[[[416.   0.]]]
[[[420.   0.]]]
[[[413.   0.]]]
[[[413.   0.]]]
[[[408.   0.]]]
[[[414.   1.]]]
[[[411.   0.]]]
[[[409.   0.]]]
[[[406.   0.]]]
[[[406.   0.]]]
[[[419.   0.]]]
[[[420.   0.]]]
[[[424.   0.]]]
[[[420.   0.]]]
[[[419.   0.]]]
[[[415.   0.]]]
[[[421.   0.]]]
[[[417.   0.]]]
[[[419.   0.]]]
[[[423.   0.]]]
[[[429.   0.]]]
[[[423.   0.]]]
[[[428.   0.]]]
[[[420.   0.]]]
[[[425.   0.]]]
[[[423.   0.]]]
[[[424.   0.]]]
[[[419.   0.]]]
[[[423.   0.]]]
[[[419.   0.]]]
[[[412.   0.]]]
[[[408.   0.]]]
[[[416.   0.]]]
[[[412.   0.]]]
[[[406.   1.]]]
[[[407.   0.]]]
[[[409.   0.]]]
[[[413.   0.]]]
[[[413.   0.]]]
[[[414.   0.]]]
[[[422.   0.]]]
[[[422.   0.]]]
[[[419.   0.]]]
[[[425.   0.]]]
[[[417.   0.]]]
[[[416.   0.]]]
[[[420.   0.]]]
[[[416.   0.]]]
[[[419.   0.]]]
[[[418.   0.]]]
[[[417.   0.]]]
[[[414.   0.]]]
[[[412.   0.]]]
[[[417.   0.]]]
[[[411.   0.]]]
[[[411.   0.]]]
[[[413.   0.]]]
[[[415.   0.]]]
[[[407.   0.]]]
[[[414.   0.]]]
[[[414.   0.]]]
[[[411.   0.]]]
[[[414.   0.]]]
[[[421.   0.]]]
[[[420.   0.]]]
[[[413.   0.]]]
[[[410.   0.]]]
[[[405.   0.]]]
[[[411.   0.]]]
[[[408.   0.]]]
[[[412.   0.]]]
[[[415.   0.]]]
[[[409.   0.]]]
[[[407.   0.]]]
[[[407.   0.]]]
[[[413.   0.]]]
[[[404.   0.]]]
[[[411.   0.]]]
[[[411.   0.]]]
[[[407.   0.]]]
[[[406.   0.]]]
[[[409.   0.]]]
[[[400.   0.]]]
[[[407.   0.]]]
[[[404.   0.]]]
[[[403.   0.]]]
[[[409.   0.]]]
[[[399.   0.]]]
[[[411.   0.]]]
[[[404.   0.]]]
[[[403.   0.]]]
[[[405.   0.]]]
[[[411.   0.]]]
[[[407.   0.]]]
[[[412.   0.]]]
[[[409.   0.]]]
[[[411.   0.]]]
[[[414.   0.]]]
[[[409.   0.]]]
[[[411.   0.]]]
[[[410.   0.]]]
[[[412.   0.]]]
[[[414.   0.]]]
[[[416.   0.]]]
[[[410.   0.]]]
[[[415.   0.]]]
[[[418.   0.]]]
[[[415.   0.]]]
[[[414.   0.]]]
[[[410.   0.]]]
[[[415.   0.]]]
[[[409.   0.]]]
[[[411.   0.]]]
[[[414.   0.]]]
[[[414.   0.]]]
[[[419.   0.]]]
[[[409.   0.]]]
[[[415.   0.]]]
[[[413.   0.]]]
[[[418.   0.]]]
[[[421.   0.]]]
[[[413.   0.]]]
[[[416.   0.]]]
[[[410.   0.]]]
[[[415.   0.]]]
[[[419.   0.]]]
[[[415.   0.]]]
[[[417.   0.]]]
[[[423.   0.]]]
[[[424.   0.]]]
[[[418.   0.]]]
[[[418.   0.]]]
[[[429.   0.]]]
[[[420.   0.]]]
[[[422.   0.]]]
[[[425.   0.]]]
[[[428.   0.]]]
[[[429.   0.]]]
[[[423.   0.]]]
[[[423.   0.]]]
[[[422.   0.]]]
[[[427.   0.]]]
[[[423.   0.]]]
[[[429.   0.]]]
[[[427.   0.]]]
[[[428.   0.]]]
[[[427.   0.]]]
[[[419.   0.]]]
[[[426.   0.]]]
[[[421.   0.]]]
[[[424.   0.]]]
[[[431.   0.]]]
[[[425.   0.]]]
[[[425.   0.]]]
[[[421.   0.]]]
[[[419.   0.]]]
[[[425.   0.]]]
[[[416.   0.]]]
[[[418.   0.]]]
[[[422.   0.]]]
[[[423.   0.]]]
[[[420.   0.]]]
[[[421.   0.]]]
[[[418.   0.]]]
[[[424.   0.]]]
[[[423.   0.]]]
[[[419.   0.]]]
[[[421.   0.]]]
[[[421.   0.]]]
[[[419.   0.]]]
[[[422.   0.]]]
[[[420.   0.]]]
[[[422.   0.]]]
[[[426.   0.]]]
[[[420.   0.]]]
[[[420.   0.]]]
[[[424.   0.]]]
[[[416.   0.]]]
[[[415.   0.]]]
[[[418.   0.]]]
[[[410.   0.]]]
[[[411.   0.]]]
[[[409.   0.]]]
[[[411.   0.]]]
[[[415.   0.]]]
[[[417.   0.]]]
[[[418.   0.]]]
[[[417.   0.]]]
[[[411.   0.]]]
[[[421.   0.]]]
[[[416.   0.]]]
[[[417.   0.]]]
[[[418.   0.]]]
[[[419.   0.]]]
[[[422.   0.]]]
[[[420.   0.]]]
[[[424.   0.]]]
[[[424.   1.]]]
[[[427.   0.]]]
[[[428.   0.]]]
[[[430.   0.]]]
[[[429.   0.]]]
[[[426.   0.]]]
[[[429.   0.]]]
[[[428.   0.]]]
[[[422.   0.]]]
[[[424.   0.]]]
[[[426.   0.]]]
[[[429.   0.]]]
[[[428.   0.]]]
[[[429.   0.]]]
[[[431.   0.]]]
[[[422.   0.]]]
[[[426.   0.]]]
[[[427.   0.]]]
[[[430.   0.]]]
[[[426.   0.]]]
[[[426.   0.]]]
[[[421.   0.]]]
[[[421.   0.]]]
[[[416.   0.]]]
[[[425.   0.]]]
[[[417.   0.]]]
[[[426.   0.]]]
[[[418.   0.]]]
[[[422.   0.]]]
[[[419.   0.]]]
[[[424.   0.]]]
[[[426.   0.]]]
[[[423.   0.]]]
[[[425.   0.]]]
[[[422.   0.]]]
[[[420.   0.]]]
[[[421.   0.]]]
[[[419.   0.]]]
[[[419.   0.]]]
[[[416.   1.]]]
[[[416.   0.]]]
[[[421.   1.]]]
[[[421.   0.]]]
[[[413.   0.]]]
[[[417.   0.]]]
[[[415.   0.]]]
[[[421.   0.]]]
[[[404.   0.]]]
[[[409.   0.]]]
[[[407.   0.]]]
[[[415.   0.]]]
[[[410.   0.]]]
[[[407.   0.]]]
[[[411.   0.]]]
[[[410.   0.]]]
[[[409.   0.]]]
[[[410.   0.]]]
[[[415.   0.]]]
[[[419.   0.]]]
[[[417.   0.]]]
[[[420.   0.]]]
[[[418.   0.]]]
[[[416.   0.]]]
[[[417.   0.]]]
[[[414.   0.]]]
[[[415.   0.]]]
[[[415.   0.]]]
[[[422.   0.]]]
[[[427.   1.]]]
[[[425.   0.]]]
[[[426.   0.]]]
[[[426.   0.]]]
[[[425.   0.]]]
[[[425.   0.]]]
[[[421.   0.]]]
[[[421.   0.]]]
[[[427.   0.]]]
[[[417.   0.]]]
[[[419.   0.]]]
[[[416.   0.]]]
[[[413.   0.]]]
[[[418.   0.]]]
[[[417.   0.]]]
[[[410.   0.]]]
[[[413.   0.]]]
[[[420.   0.]]]
[[[416.   0.]]]
[[[416.   0.]]]
[[[415.   0.]]]
[[[405.   0.]]]
[[[407.   0.]]]
[[[404.   0.]]]
[[[413.   0.]]]
[[[410.   0.]]]
[[[416.   0.]]]
[[[414.   0.]]]
[[[419.   0.]]]
[[[421.   0.]]]
[[[413.   0.]]]
[[[418.   0.]]]
[[[421.   0.]]]
[[[416.   0.]]]
[[[416.   0.]]]
[[[422.   0.]]]
[[[423.   0.]]]
[[[417.   0.]]]
[[[421.   0.]]]
[[[422.   0.]]]
[[[420.   0.]]]
[[[418.   0.]]]
[[[415.   0.]]]
[[[420.   0.]]]
[[[414.   0.]]]
[[[417.   0.]]]
[[[426.   0.]]]
[[[415.   0.]]]
[[[414.   0.]]]
[[[424.   0.]]]
[[[421.   0.]]]
[[[417.   0.]]]
[[[415.   0.]]]
[[[417.   0.]]]
[[[420.   0.]]]
[[[417.   0.]]]
[[[418.   0.]]]
[[[416.   0.]]]
[[[415.   0.]]]
[[[419.   0.]]]
[[[418.   0.]]]
[[[418.   0.]]]
[[[419.   0.]]]
[[[421.   0.]]]
[[[422.   0.]]]
[[[417.   0.]]]
[[[422.   0.]]]
[[[414.   0.]]]
[[[418.   0.]]]
[[[414.   0.]]]
[[[418.   0.]]]
[[[414.   0.]]]
[[[409.   0.]]]
