[[[0.33587786 0.05263158]]]
[[[0.3221374 0.       ]]]
[[[0.31145038 0.        ]]]
[[[0.30992366 0.        ]]]
[[[0.30152672 0.        ]]]
[[[0.30610687 0.        ]]]
[[[0.30152672 0.        ]]]
[[[0.30305344 0.        ]]]
[[[0.30381679 0.        ]]]
[[[0.30152672 0.        ]]]
[[[0.30687023 0.15789474]]]
[[[0.31068702 0.        ]]]
[[[0.30992366 0.        ]]]
[[[0.30458015 0.        ]]]
[[[0.30076336 0.        ]]]
[[[0.29923664 0.        ]]]
[[[0.3 0. ]]]
[[[0.29770992 0.        ]]]
[[[0.29770992 0.        ]]]
[[[0.29465649 0.        ]]]
[[[0.29236641 0.        ]]]
[[[0.29160305 0.        ]]]
[[[0.29541985 0.        ]]]
[[[0.29083969 0.        ]]]
[[[0.29312977 0.        ]]]
[[[0.29847328 0.        ]]]
[[[0.29694656 0.        ]]]
[[[0.29083969 0.        ]]]
[[[0.29618321 0.        ]]]
[[[0.29007634 0.        ]]]
[[[0.29236641 0.        ]]]
[[[0.29083969 0.        ]]]
[[[0.28854962 0.        ]]]
[[[0.28931298 0.        ]]]
[[[0.29389313 0.        ]]]
[[[0.29312977 0.        ]]]
[[[0.29312977 0.        ]]]
[[[0.29007634 0.        ]]]
[[[0.29007634 0.        ]]]
[[[0.28854962 0.        ]]]
[[[0.28778626 0.        ]]]
[[[0.28625954 0.        ]]]
[[[0.29007634 0.21052632]]]
[[[0.28549618 0.        ]]]
[[[0.28854962 0.        ]]]
[[[0.28549618 0.        ]]]
[[[0.28625954 0.        ]]]
[[[0.28778626 0.        ]]]
[[[0.28473282 0.        ]]]
[[[0.28167939 0.        ]]]
[[[0.28091603 0.        ]]]
[[[0.28015267 0.        ]]]
[[[0.28396947 0.        ]]]
[[[0.28320611 0.        ]]]
[[[0.27709924 0.        ]]]
[[[0.27938931 0.        ]]]
[[[0.27480916 0.        ]]]
[[[0.27938931 0.        ]]]
[[[0.27938931 0.        ]]]
[[[0.2740458 0.       ]]]
[[[0.27709924 0.        ]]]
[[[0.28015267 0.        ]]]
[[[0.28015267 0.        ]]]
[[[0.2740458 0.       ]]]
[[[0.28396947 0.        ]]]
[[[0.28320611 0.        ]]]
[[[0.27480916 0.        ]]]
[[[0.27480916 0.        ]]]
[[[0.27251908 0.        ]]]
[[[0.26946565 0.        ]]]
[[[0.27251908 0.        ]]]
[[[0.26793893 0.05263158]]]
[[[0.2740458 0.       ]]]
[[[0.27022901 0.        ]]]
[[[0.26717557 0.        ]]]
[[[0.27251908 0.        ]]]
[[[0.27175573 0.        ]]]
[[[0.27022901 0.        ]]]
[[[0.2740458 0.       ]]]
[[[0.27328244 0.        ]]]
[[[0.27022901 0.        ]]]
[[[0.27175573 0.        ]]]
[[[0.2740458 0.       ]]]
[[[0.27022901 0.        ]]]
[[[0.26870229 0.        ]]]
[[[0.27251908 0.        ]]]
[[[0.27022901 0.        ]]]
[[[0.2778626 0.       ]]]
[[[0.27175573 0.        ]]]
[[[0.27633588 0.        ]]]
[[[0.2740458 0.       ]]]
[[[0.27633588 0.        ]]]
[[[0.2740458 0.       ]]]
[[[0.27328244 0.        ]]]
[[[0.27099237 0.        ]]]
[[[0.26641221 0.        ]]]
[[[0.26870229 0.        ]]]
[[[0.27175573 0.05263158]]]
[[[0.26564885 0.        ]]]
[[[0.26717557 0.        ]]]
[[[0.26641221 0.        ]]]
[[[0.26793893 0.        ]]]
[[[0.26946565 0.        ]]]
[[[0.27099237 0.        ]]]
[[[0.27175573 0.        ]]]
[[[0.27328244 0.        ]]]
[[[0.26717557 0.        ]]]
[[[0.26870229 0.        ]]]
[[[0.26870229 0.        ]]]
[[[0.27099237 0.        ]]]
[[[0.27328244 0.        ]]]
[[[0.27022901 0.        ]]]
[[[0.27099237 0.        ]]]
[[[0.27099237 0.        ]]]
[[[0.2740458 0.       ]]]
[[[0.27557252 0.        ]]]
[[[0.27709924 0.        ]]]
[[[0.2778626 0.       ]]]
[[[0.27099237 0.        ]]]
[[[0.27633588 0.        ]]]
[[[0.27862595 0.        ]]]
[[[0.27709924 0.        ]]]
[[[0.27862595 0.        ]]]
[[[0.28244275 0.        ]]]
[[[0.28091603 0.        ]]]
[[[0.28015267 0.        ]]]
[[[0.27557252 0.        ]]]
[[[0.26870229 0.        ]]]
[[[0.26946565 0.        ]]]
[[[0.2740458 0.       ]]]
[[[0.27175573 0.        ]]]
[[[0.27328244 0.        ]]]
[[[0.2740458 0.       ]]]
[[[0.26870229 0.        ]]]
[[[0.27251908 0.        ]]]
[[[0.27022901 0.        ]]]
[[[0.27099237 0.        ]]]
[[[0.27557252 0.        ]]]
[[[0.27633588 0.        ]]]
[[[0.27099237 0.        ]]]
[[[0.27175573 0.        ]]]
[[[0.27480916 0.        ]]]
[[[0.27328244 0.        ]]]
[[[0.27328244 0.        ]]]
[[[0.26564885 0.        ]]]
[[[0.26946565 0.        ]]]
[[[0.26641221 0.        ]]]
[[[0.26793893 0.        ]]]
[[[0.27251908 0.        ]]]
[[[0.27328244 0.        ]]]
[[[0.2740458 0.       ]]]
[[[0.27175573 0.        ]]]
[[[0.26717557 0.        ]]]
[[[0.27251908 0.        ]]]
[[[0.27251908 0.        ]]]
[[[0.2740458 0.       ]]]
[[[0.2778626 0.       ]]]
[[[0.2740458 0.       ]]]
[[[0.27175573 0.        ]]]
[[[0.26717557 0.        ]]]
[[[0.27022901 0.        ]]]
[[[0.27022901 0.        ]]]
[[[0.26870229 0.        ]]]
[[[0.26793893 0.        ]]]
[[[0.26946565 0.        ]]]
[[[0.27251908 0.        ]]]
[[[0.26946565 0.        ]]]
[[[0.27251908 0.        ]]]
[[[0.27328244 0.        ]]]
[[[0.27022901 0.        ]]]
[[[0.26946565 0.        ]]]
[[[0.2740458 0.       ]]]
[[[0.26870229 0.        ]]]
[[[0.27175573 0.        ]]]
[[[0.27251908 0.        ]]]
[[[0.27328244 0.        ]]]
[[[0.27480916 0.        ]]]
[[[0.26946565 0.        ]]]
[[[0.2740458 0.       ]]]
[[[0.27175573 0.        ]]]
[[[0.27633588 0.        ]]]
[[[0.27099237 0.        ]]]
[[[0.26946565 0.        ]]]
[[[0.27251908 0.        ]]]
[[[0.2740458 0.       ]]]
[[[0.27557252 0.        ]]]
[[[0.27557252 0.        ]]]
[[[0.2778626 0.       ]]]
[[[0.27709924 0.        ]]]
[[[0.28473282 0.        ]]]
[[[0.28015267 0.        ]]]
[[[0.27938931 0.        ]]]
[[[0.27938931 0.        ]]]
[[[0.27862595 0.        ]]]
[[[0.28167939 0.        ]]]
[[[0.27862595 0.        ]]]
[[[0.27709924 0.        ]]]
[[[0.28244275 0.        ]]]
[[[0.28167939 0.        ]]]
[[[0.2870229 0.       ]]]
[[[0.28320611 0.        ]]]
[[[0.27938931 0.        ]]]
[[[0.28167939 0.        ]]]
[[[0.28320611 0.        ]]]
[[[0.28778626 0.05263158]]]
[[[0.28625954 0.        ]]]
[[[0.28320611 0.        ]]]
[[[0.28320611 0.        ]]]
[[[0.28778626 0.        ]]]
[[[0.28778626 0.        ]]]
[[[0.28549618 0.        ]]]
[[[0.28091603 0.        ]]]
[[[0.28396947 0.        ]]]
[[[0.28244275 0.        ]]]
[[[0.28625954 0.        ]]]
[[[0.28244275 0.        ]]]
[[[0.28396947 0.        ]]]
[[[0.28396947 0.        ]]]
[[[0.28473282 0.        ]]]
[[[0.2778626 0.       ]]]
[[[0.28015267 0.        ]]]
[[[0.28778626 0.        ]]]
[[[0.28778626 0.        ]]]
[[[0.28396947 0.        ]]]
[[[0.27557252 0.        ]]]
[[[0.27709924 0.        ]]]
[[[0.28091603 0.        ]]]
[[[0.27633588 0.        ]]]
[[[0.27251908 0.        ]]]
[[[0.27709924 0.        ]]]
[[[0.27480916 0.        ]]]
[[[0.28320611 0.        ]]]
[[[0.28473282 0.        ]]]
[[[0.27557252 0.        ]]]
[[[0.28167939 0.        ]]]
[[[0.28091603 0.        ]]]
[[[0.27557252 0.        ]]]
[[[0.27938931 0.        ]]]
[[[0.28091603 0.        ]]]
[[[0.28396947 0.        ]]]
[[[0.28167939 0.        ]]]
[[[0.28244275 0.        ]]]
[[[0.27557252 0.        ]]]
[[[0.28167939 0.        ]]]
[[[0.28167939 0.        ]]]
[[[0.28091603 0.        ]]]
[[[0.28549618 0.        ]]]
[[[0.28320611 0.        ]]]
[[[0.28778626 0.        ]]]
[[[0.28244275 0.        ]]]
[[[0.28549618 0.05263158]]]
[[[0.28015267 0.        ]]]
[[[0.28396947 0.        ]]]
[[[0.28244275 0.        ]]]
[[[0.28320611 0.05263158]]]
[[[0.28015267 0.05263158]]]
[[[0.28396947 0.21052632]]]
[[[0.2870229  0.10526316]]]
[[[0.28320611 0.        ]]]
[[[0.29007634 0.        ]]]
[[[0.28931298 0.        ]]]
[[[0.29160305 0.        ]]]
[[[0.28778626 0.        ]]]
[[[0.29160305 0.        ]]]
[[[0.29541985 0.        ]]]
[[[0.29618321 0.        ]]]
[[[0.28931298 0.        ]]]
[[[0.29541985 0.        ]]]
[[[0.29160305 0.        ]]]
[[[0.29541985 0.        ]]]
[[[0.29770992 0.        ]]]
[[[0.29236641 0.        ]]]
[[[0.29007634 0.        ]]]
[[[0.29160305 0.05263158]]]
[[[0.29007634 0.10526316]]]
[[[0.29160305 0.        ]]]
[[[0.29541985 0.        ]]]
[[[0.29160305 0.05263158]]]
[[[0.29770992 0.        ]]]
[[[0.29541985 0.05263158]]]
[[[0.29618321 0.05263158]]]
[[[0.29541985 0.05263158]]]
[[[0.28931298 0.        ]]]
[[[0.28625954 0.        ]]]
[[[0.28625954 0.        ]]]
[[[0.29083969 0.        ]]]
[[[0.29160305 0.        ]]]
[[[0.29694656 0.        ]]]
[[[0.29847328 0.        ]]]
[[[0.29465649 0.        ]]]
[[[0.29007634 0.        ]]]
[[[0.29541985 0.        ]]]
[[[0.29312977 0.        ]]]
[[[0.29618321 0.05263158]]]
[[[0.29847328 0.10526316]]]
[[[0.29847328 0.05263158]]]
[[[0.29923664 0.        ]]]
[[[0.29770992 0.        ]]]
[[[0.29847328 0.        ]]]
[[[0.29465649 0.        ]]]
[[[0.29694656 0.        ]]]
[[[0.29618321 0.        ]]]
[[[0.29694656 0.        ]]]
[[[0.30152672 0.        ]]]
[[[0.30152672 0.        ]]]
[[[0.29694656 0.        ]]]
[[[0.29923664 0.        ]]]
[[[0.30229008 0.        ]]]
[[[0.29465649 0.05263158]]]
[[[0.29923664 0.        ]]]
[[[0.29694656 0.        ]]]
[[[0.29770992 0.        ]]]
[[[0.29694656 0.        ]]]
[[[0.29618321 0.        ]]]
[[[0.29923664 0.05263158]]]
[[[0.30152672 0.05263158]]]
[[[0.30229008 0.05263158]]]
[[[0.30076336 0.10526316]]]
[[[0.30152672 0.        ]]]
[[[0.30305344 0.        ]]]
[[[0.30381679 0.        ]]]
[[[0.30458015 0.        ]]]
[[[0.30381679 0.        ]]]
[[[0.30152672 0.        ]]]
[[[0.30305344 0.        ]]]
[[[0.30381679 0.        ]]]
[[[0.29847328 0.        ]]]
[[[0.30076336 0.        ]]]
[[[0.30152672 0.        ]]]
[[[0.29847328 0.        ]]]
[[[0.30381679 0.15789474]]]
[[[0.30152672 0.        ]]]
[[[0.30076336 0.        ]]]
[[[0.30305344 0.        ]]]
[[[0.30381679 0.        ]]]
[[[0.30458015 0.        ]]]
[[[0.3 0. ]]]
[[[0.30152672 0.        ]]]
[[[0.30763359 0.        ]]]
[[[0.30229008 0.        ]]]
[[[0.29923664 0.        ]]]
[[[0.30610687 0.        ]]]
[[[0.30534351 0.        ]]]
[[[0.30229008 0.        ]]]
[[[0.29770992 0.        ]]]
[[[0.30152672 0.        ]]]
[[[0.3 0. ]]]
[[[0.30381679 0.        ]]]
[[[0.30305344 0.        ]]]
[[[0.31068702 0.        ]]]
[[[0.31145038 0.05263158]]]
[[[0.30381679 0.05263158]]]
[[[0.30534351 0.        ]]]
[[[0.30687023 0.        ]]]
[[[0.31068702 0.        ]]]
[[[0.3129771 0.       ]]]
[[[0.30839695 0.        ]]]
[[[0.30916031 0.        ]]]
[[[0.30381679 0.        ]]]
[[[0.30839695 0.        ]]]
[[[0.30839695 0.        ]]]
[[[0.30763359 0.        ]]]
[[[0.31145038 0.57894737]]]
[[[0.34351145 0.36842105]]]
[[[0.37022901 0.        ]]]
[[[0.38931298 0.05263158]]]
[[[0.39694656 0.        ]]]
[[[0.40610687 0.05263158]]]
[[[0.41145038 0.        ]]]
[[[0.4221374  0.05263158]]]
[[[0.42442748 0.15789474]]]
[[[0.42061069 0.05263158]]]
[[[0.42671756 0.15789474]]]
[[[0.41755725 0.        ]]]
[[[0.39465649 0.        ]]]
[[[0.36259542 0.        ]]]
[[[0.34198473 0.        ]]]
[[[0.32977099 0.        ]]]
[[[0.32671756 0.        ]]]
[[[0.31832061 0.        ]]]
[[[0.33206107 0.15789474]]]
[[[0.37557252 0.05263158]]]
[[[0.40229008 0.10526316]]]
[[[0.44732824 0.05263158]]]
[[[0.43816794 0.        ]]]
[[[0.43816794 0.        ]]]
[[[0.44351145 0.21052632]]]
[[[0.44580153 0.15789474]]]
[[[0.47709924 1.21052632]]]
[[[0.55954198 1.21052632]]]
[[[0.59160305 0.89473684]]]
[[[0.6129771  1.15789474]]]
[[[0.6351145  1.05263158]]]
[[[0.51755725 0.        ]]]
[[[0.45038168 0.        ]]]
[[[0.40839695 0.        ]]]
[[[0.36870229 0.05263158]]]
[[[0.34961832 0.        ]]]
[[[0.3389313  0.10526316]]]
[[[0.33206107 0.05263158]]]
[[[0.31603053 0.15789474]]]
[[[0.32137405 0.        ]]]
[[[0.31679389 0.10526316]]]
[[[0.30916031 0.        ]]]
[[[0.30839695 0.10526316]]]
[[[0.30687023 0.        ]]]
[[[0.30687023 0.        ]]]
[[[0.30687023 0.10526316]]]
[[[0.30687023 0.        ]]]
[[[0.30916031 0.10526316]]]
[[[0.30534351 0.        ]]]
[[[0.30763359 0.05263158]]]
[[[0.30916031 0.05263158]]]
[[[0.30839695 0.        ]]]
[[[0.31068702 0.05263158]]]
[[[0.31068702 0.05263158]]]
[[[0.30763359 0.        ]]]
[[[0.31374046 0.10526316]]]
[[[0.31603053 0.        ]]]
[[[0.32061069 0.68421053]]]
[[[0.32061069 0.        ]]]
[[[0.31603053 0.        ]]]
[[[0.32061069 0.05263158]]]
[[[0.31374046 0.        ]]]
[[[0.31450382 0.05263158]]]
[[[0.30992366 0.05263158]]]
[[[0.31145038 0.10526316]]]
[[[0.30839695 0.        ]]]
[[[0.31145038 0.05263158]]]
[[[0.31068702 0.10526316]]]
[[[0.31068702 0.10526316]]]
[[[0.31068702 0.        ]]]
[[[0.30763359 0.05263158]]]
[[[0.30534351 0.05263158]]]
[[[0.30610687 0.10526316]]]
[[[0.30534351 0.05263158]]]
[[[0.30534351 0.        ]]]
[[[0.31068702 0.10526316]]]
[[[0.31526718 0.        ]]]
[[[0.31526718 0.10526316]]]
[[[0.31068702 0.        ]]]
[[[0.32061069 0.10526316]]]
[[[0.31679389 0.        ]]]
[[[0.31603053 0.        ]]]
[[[0.31374046 0.        ]]]
[[[0.3129771 0.       ]]]
[[[0.31221374 0.        ]]]
[[[0.31145038 0.05263158]]]
[[[0.31374046 0.05263158]]]
[[[0.31679389 0.10526316]]]
[[[0.31832061 0.        ]]]
[[[0.31526718 0.05263158]]]
[[[0.31755725 0.        ]]]
[[[0.31679389 0.05263158]]]
[[[0.31679389 0.        ]]]
[[[0.31374046 0.        ]]]
[[[0.31374046 0.05263158]]]
[[[0.32061069 0.10526316]]]
[[[0.32137405 0.        ]]]
[[[0.31908397 0.05263158]]]
[[[0.3221374  0.05263158]]]
[[[0.3221374  0.10526316]]]
[[[0.3221374 0.       ]]]
[[[0.32442748 0.        ]]]
[[[0.32671756 0.        ]]]
[[[0.32290076 0.05263158]]]
[[[0.31603053 0.05263158]]]
[[[0.32061069 0.05263158]]]
[[[0.32366412 0.05263158]]]
[[[0.32137405 0.        ]]]
[[[0.32290076 0.        ]]]
[[[0.32290076 0.05263158]]]
[[[0.32442748 0.        ]]]
[[[0.31755725 0.05263158]]]
[[[0.31984733 0.        ]]]
[[[0.31908397 0.05263158]]]
[[[0.31679389 0.05263158]]]
[[[0.31603053 0.05263158]]]
[[[0.31374046 0.        ]]]
[[[0.31603053 0.05263158]]]
[[[0.3129771  0.10526316]]]
[[[0.31526718 0.        ]]]
[[[0.31679389 0.05263158]]]
[[[0.31603053 0.        ]]]
[[[0.31679389 0.05263158]]]
[[[0.31832061 0.        ]]]
[[[0.31450382 0.        ]]]
[[[0.31679389 0.        ]]]
[[[0.31526718 0.05263158]]]
[[[0.31832061 0.05263158]]]
[[[0.31145038 0.        ]]]
[[[0.31450382 0.05263158]]]
[[[0.31374046 0.10526316]]]
[[[0.31832061 0.10526316]]]
[[[0.31679389 0.        ]]]
[[[0.3129771  0.05263158]]]
[[[0.31526718 0.        ]]]
[[[0.31221374 0.        ]]]
[[[0.31068702 0.        ]]]
[[[0.31679389 0.05263158]]]
[[[0.31374046 0.05263158]]]
[[[0.31221374 0.05263158]]]
[[[0.31374046 0.05263158]]]
[[[0.31908397 0.        ]]]
[[[0.31526718 0.        ]]]
[[[0.31526718 0.        ]]]
[[[0.31755725 0.        ]]]
[[[0.31374046 0.        ]]]
[[[0.31526718 0.        ]]]
[[[0.31526718 0.05263158]]]
[[[0.31603053 0.10526316]]]
[[[0.31526718 0.        ]]]
[[[0.3129771  0.10526316]]]
[[[0.31221374 0.10526316]]]
[[[0.31374046 0.05263158]]]
[[[0.31603053 0.15789474]]]
[[[0.31526718 0.10526316]]]
[[[0.31450382 0.05263158]]]
[[[0.31526718 0.        ]]]
[[[0.31145038 0.05263158]]]
[[[0.31526718 0.05263158]]]
[[[0.31145038 0.        ]]]
[[[0.31603053 0.05263158]]]
[[[0.3129771 0.       ]]]
[[[0.3129771  0.05263158]]]
[[[0.31908397 0.05263158]]]
[[[0.3129771  0.05263158]]]
[[[0.31450382 0.        ]]]
[[[0.31068702 0.05263158]]]
[[[0.31603053 0.10526316]]]
[[[0.31450382 0.10526316]]]
[[[0.31603053 0.05263158]]]
[[[0.31374046 0.05263158]]]
[[[0.31603053 0.05263158]]]
[[[0.31908397 0.05263158]]]
[[[0.31374046 0.        ]]]
[[[0.31068702 0.        ]]]
[[[0.31374046 0.10526316]]]
[[[0.31221374 0.05263158]]]
[[[0.30992366 0.31578947]]]
[[[0.30992366 0.05263158]]]
[[[0.30992366 0.        ]]]
[[[0.3129771  0.05263158]]]
[[[0.31145038 0.        ]]]
[[[0.31450382 0.        ]]]
[[[0.30992366 0.05263158]]]
[[[0.31221374 0.05263158]]]
[[[0.31526718 0.        ]]]
[[[0.31832061 0.10526316]]]
[[[0.31450382 0.10526316]]]
[[[0.30992366 0.05263158]]]
[[[0.31068702 0.05263158]]]
[[[0.30992366 0.        ]]]
[[[0.3129771  0.05263158]]]
[[[0.31221374 0.10526316]]]
[[[0.31450382 0.05263158]]]
[[[0.31450382 0.        ]]]
