[[[0.4389313  0.15789474]]]
[[[0.44045802 0.        ]]]
[[[0.44045802 0.        ]]]
[[[0.44045802 0.        ]]]
[[[0.44045802 0.        ]]]
[[[0.44045802 0.        ]]]
[[[0.44045802 0.        ]]]
[[[0.44045802 0.        ]]]
[[[0.44045802 0.        ]]]
[[[0.44045802 0.        ]]]
[[[0.44045802 0.        ]]]
[[[0.44045802 0.        ]]]
[[[0.44045802 0.        ]]]
[[[0.44045802 0.        ]]]
[[[0.44045802 0.        ]]]
[[[0.44045802 0.        ]]]
[[[0.44045802 0.        ]]]
[[[0.44045802 0.        ]]]
[[[0.44045802 0.        ]]]
[[[0.44045802 0.        ]]]
[[[0.44045802 0.        ]]]
[[[0.44045802 0.        ]]]
[[[0.44045802 0.        ]]]
[[[0.44045802 0.        ]]]
[[[0.44045802 0.        ]]]
[[[0.44045802 0.        ]]]
[[[0.44045802 0.        ]]]
[[[0.44045802 0.        ]]]
[[[0.44045802 0.        ]]]
[[[0.44045802 0.        ]]]
[[[0.44045802 0.        ]]]
[[[0.44045802 0.        ]]]
[[[0.44045802 0.        ]]]
[[[0.44045802 0.        ]]]
[[[0.44045802 0.        ]]]
[[[0.44045802 0.        ]]]
[[[0.44045802 0.        ]]]
[[[0.44045802 0.        ]]]
[[[0.44045802 0.        ]]]
[[[0.44045802 0.        ]]]
[[[0.44045802 0.        ]]]
[[[0.44045802 0.        ]]]
[[[0.44045802 0.        ]]]
[[[0.44045802 0.        ]]]
[[[0.44045802 0.        ]]]
[[[0.44045802 0.        ]]]
[[[0.44045802 0.        ]]]
[[[0.44045802 0.        ]]]
[[[0.44045802 0.        ]]]
[[[0.44045802 0.        ]]]
[[[0.44045802 0.        ]]]
[[[0.44045802 0.        ]]]
[[[0.44045802 0.        ]]]
[[[0.44045802 0.        ]]]
[[[0.44045802 0.        ]]]
[[[0.44045802 0.        ]]]
[[[0.44045802 0.        ]]]
[[[0.44045802 0.        ]]]
[[[0.44045802 0.        ]]]
[[[0.44045802 0.        ]]]
[[[0.44045802 0.        ]]]
[[[0.44045802 0.        ]]]
[[[0.44045802 0.        ]]]
[[[0.44045802 0.        ]]]
[[[0.44045802 0.        ]]]
[[[0.44045802 0.        ]]]
[[[0.44045802 0.        ]]]
[[[0.44045802 0.        ]]]
[[[0.44045802 0.        ]]]
[[[0.44045802 0.        ]]]
[[[0.44045802 0.        ]]]
[[[0.44045802 0.        ]]]
[[[0.44045802 0.        ]]]
[[[0.44045802 0.        ]]]
[[[0.44045802 0.        ]]]
[[[0.44045802 0.        ]]]
[[[0.44045802 0.        ]]]
[[[0.44045802 0.        ]]]
[[[0.44045802 0.        ]]]
[[[0.44045802 0.        ]]]
[[[0.45114504 0.57894737]]]
[[[0.45114504 0.57894737]]]
[[[0.45114504 0.57894737]]]
[[[0.45114504 0.57894737]]]
[[[0.45114504 0.57894737]]]
[[[0.45114504 0.57894737]]]
[[[0.45114504 0.57894737]]]
[[[0.45114504 0.57894737]]]
[[[0.45114504 0.57894737]]]
[[[0.45114504 0.57894737]]]
[[[0.45114504 0.57894737]]]
[[[0.45114504 0.57894737]]]
[[[0.45114504 0.57894737]]]
[[[0.45114504 0.57894737]]]
[[[0.45114504 0.57894737]]]
[[[0.45114504 0.57894737]]]
[[[0.45114504 0.57894737]]]
[[[0.45114504 0.57894737]]]
[[[0.45114504 0.57894737]]]
[[[0.45114504 0.57894737]]]
[[[0.45114504 0.57894737]]]
[[[0.45114504 0.57894737]]]
[[[0.45114504 0.57894737]]]
[[[0.45114504 0.57894737]]]
[[[0.45114504 0.57894737]]]
[[[0.45114504 0.57894737]]]
[[[0.45114504 0.57894737]]]
[[[0.45114504 0.57894737]]]
[[[0.45114504 0.57894737]]]
[[[0.45114504 0.57894737]]]
[[[0.45114504 0.57894737]]]
[[[0.45114504 0.57894737]]]
[[[0.45114504 0.57894737]]]
[[[0.45114504 0.57894737]]]
[[[0.45114504 0.57894737]]]
[[[0.45114504 0.57894737]]]
[[[0.45114504 0.57894737]]]
[[[0.45114504 0.57894737]]]
[[[0.45114504 0.57894737]]]
[[[0.45114504 0.57894737]]]
[[[0.45114504 0.57894737]]]
[[[0.45114504 0.57894737]]]
[[[0.45114504 0.57894737]]]
[[[0.45114504 0.57894737]]]
[[[0.45114504 0.57894737]]]
[[[0.45114504 0.57894737]]]
[[[0.45114504 0.57894737]]]
[[[0.45114504 0.57894737]]]
[[[0.45114504 0.57894737]]]
[[[0.45114504 0.57894737]]]
[[[0.45114504 0.57894737]]]
[[[0.45114504 0.57894737]]]
[[[0.45114504 0.57894737]]]
[[[0.45114504 0.57894737]]]
[[[0.45114504 0.57894737]]]
[[[0.45114504 0.57894737]]]
[[[0.45114504 0.57894737]]]
[[[0.45114504 0.57894737]]]
[[[0.45114504 0.57894737]]]
[[[0.45114504 0.57894737]]]
[[[0.45114504 0.57894737]]]
[[[0.45114504 0.57894737]]]
[[[0.45114504 0.57894737]]]
[[[0.45114504 0.57894737]]]
[[[0.45114504 0.57894737]]]
[[[0.45114504 0.57894737]]]
[[[0.45114504 0.57894737]]]
[[[0.45114504 0.57894737]]]
[[[0.45114504 0.57894737]]]
[[[0.45114504 0.57894737]]]
[[[0.45114504 0.57894737]]]
[[[0.45114504 0.57894737]]]
[[[0.45114504 0.57894737]]]
[[[0.45114504 0.57894737]]]
[[[0.45114504 0.57894737]]]
[[[0.45114504 0.57894737]]]
[[[0.45114504 0.57894737]]]
[[[0.45114504 0.57894737]]]
[[[0.45114504 0.57894737]]]
[[[0.45114504 0.57894737]]]
[[[0.45114504 0.57894737]]]
[[[0.43969466 0.47368421]]]
[[[0.43969466 0.47368421]]]
[[[0.43969466 0.47368421]]]
[[[0.43969466 0.47368421]]]
[[[0.43969466 0.47368421]]]
[[[0.43969466 0.47368421]]]
[[[0.43969466 0.47368421]]]
[[[0.43969466 0.47368421]]]
[[[0.43969466 0.47368421]]]
[[[0.43969466 0.47368421]]]
[[[0.43969466 0.47368421]]]
[[[0.43969466 0.47368421]]]
[[[0.43969466 0.47368421]]]
[[[0.43969466 0.47368421]]]
[[[0.43969466 0.47368421]]]
[[[0.43969466 0.47368421]]]
[[[0.43969466 0.47368421]]]
[[[0.43969466 0.47368421]]]
[[[0.43969466 0.47368421]]]
[[[0.43969466 0.47368421]]]
[[[0.43969466 0.47368421]]]
[[[0.43969466 0.47368421]]]
