[[[0.31221374 0.        ]]]
[[[0.31145038 0.04166667]]]
[[[0.31755725 0.        ]]]
[[[0.31755725 0.        ]]]
[[[0.31450382 0.        ]]]
[[[0.32442748 0.        ]]]
[[[0.32290076 0.        ]]]
[[[0.31755725 0.20833333]]]
[[[0.41145038 0.66666667]]]
[[[0.49236641 0.75      ]]]
[[[0.36641221 0.625     ]]]
[[[0.35877863 0.83333333]]]
[[[0.4610687 0.875    ]]]
[[[0.44656489 0.16666667]]]
[[[0.44274809 0.29166667]]]
[[[0.43053435 0.20833333]]]
[[[0.50381679 0.91666667]]]
[[[0.48015267 0.375     ]]]
[[[0.45877863 0.08333333]]]
[[[0.4389313  0.04166667]]]
[[[0.44122137 0.41666667]]]
[[[0.44122137 0.25      ]]]
[[[0.43816794 0.5       ]]]
[[[0.43816794 0.04166667]]]
[[[0.42748092 0.20833333]]]
[[[0.39389313 0.        ]]]
[[[0.35648855 0.04166667]]]
[[[0.35343511 0.        ]]]
[[[0.34274809 0.04166667]]]
[[[0.33053435 0.        ]]]
[[[0.32290076 0.04166667]]]
[[[0.3259542 0.       ]]]
[[[0.32290076 0.        ]]]
[[[0.32442748 0.        ]]]
[[[0.32061069 0.        ]]]
[[[0.32290076 0.        ]]]
[[[0.32290076 0.        ]]]
[[[0.31984733 0.        ]]]
[[[0.32290076 0.04166667]]]
[[[0.32137405 0.        ]]]
[[[0.31603053 0.        ]]]
[[[0.31755725 0.        ]]]
[[[0.31603053 0.        ]]]
[[[0.32137405 0.        ]]]
[[[0.31984733 0.        ]]]
[[[0.31526718 0.        ]]]
[[[0.31679389 0.        ]]]
[[[0.32061069 0.        ]]]
[[[0.31908397 0.        ]]]
[[[0.32442748 0.        ]]]
[[[0.31984733 0.        ]]]
[[[0.32061069 0.        ]]]
[[[0.31526718 0.        ]]]
[[[0.31832061 0.        ]]]
[[[0.3129771 0.       ]]]
[[[0.31908397 0.        ]]]
[[[0.32137405 0.        ]]]
[[[0.31908397 0.        ]]]
[[[0.31908397 0.        ]]]
[[[0.32061069 0.        ]]]
[[[0.31984733 0.        ]]]
[[[0.31832061 0.        ]]]
[[[0.31450382 0.        ]]]
[[[0.31984733 0.        ]]]
[[[0.31832061 0.        ]]]
[[[0.32137405 0.        ]]]
[[[0.31832061 0.        ]]]
[[[0.32061069 0.        ]]]
[[[0.31908397 0.        ]]]
[[[0.32290076 0.        ]]]
[[[0.32519084 0.        ]]]
[[[0.3221374 0.       ]]]
[[[0.3259542 0.       ]]]
[[[0.32748092 0.        ]]]
[[[0.32977099 0.        ]]]
[[[0.32748092 0.        ]]]
[[[0.33206107 0.        ]]]
[[[0.33206107 0.        ]]]
[[[0.33206107 0.        ]]]
[[[0.33282443 0.        ]]]
[[[0.33206107 0.04166667]]]
[[[0.33587786 0.        ]]]
[[[0.33435115 0.        ]]]
[[[0.33740458 0.04166667]]]
[[[0.33740458 0.        ]]]
[[[0.33358779 0.        ]]]
[[[0.33587786 0.        ]]]
[[[0.33664122 0.        ]]]
[[[0.33816794 0.        ]]]
[[[0.33587786 0.        ]]]
[[[0.33740458 0.        ]]]
[[[0.33740458 0.        ]]]
[[[0.33282443 0.        ]]]
[[[0.3351145 0.       ]]]
[[[0.32977099 0.        ]]]
[[[0.32824427 0.        ]]]
[[[0.32442748 0.        ]]]
[[[0.32519084 0.        ]]]
[[[0.32366412 0.        ]]]
[[[0.32748092 0.        ]]]
[[[0.33053435 0.        ]]]
[[[0.33358779 0.        ]]]
[[[0.33206107 0.        ]]]
[[[0.3259542 0.       ]]]
[[[0.31679389 0.        ]]]
[[[0.32671756 0.        ]]]
[[[0.3259542 0.       ]]]
[[[0.32900763 0.        ]]]
[[[0.32442748 0.        ]]]
[[[0.3259542 0.       ]]]
[[[0.32671756 0.        ]]]
[[[0.32366412 0.        ]]]
[[[0.32290076 0.        ]]]
[[[0.31984733 0.        ]]]
[[[0.3221374  0.04166667]]]
[[[0.32366412 0.        ]]]
[[[0.32671756 0.04166667]]]
[[[0.32900763 0.        ]]]
[[[0.32290076 0.04166667]]]
[[[0.32290076 0.        ]]]
[[[0.31908397 0.        ]]]
[[[0.32061069 0.        ]]]
[[[0.32137405 0.        ]]]
[[[0.31984733 0.        ]]]
[[[0.31908397 0.        ]]]
[[[0.31984733 0.04166667]]]
[[[0.32290076 0.04166667]]]
[[[0.31984733 0.        ]]]
[[[0.31908397 0.        ]]]
[[[0.32061069 0.08333333]]]
[[[0.31908397 0.        ]]]
[[[0.32442748 0.        ]]]
[[[0.32748092 0.        ]]]
[[[0.32366412 0.        ]]]
[[[0.32519084 0.        ]]]
[[[0.32671756 0.        ]]]
[[[0.32824427 0.        ]]]
[[[0.32748092 0.        ]]]
[[[0.32748092 0.        ]]]
[[[0.32366412 0.        ]]]
[[[0.31832061 0.        ]]]
[[[0.31526718 0.        ]]]
[[[0.31450382 0.        ]]]
[[[0.31984733 0.        ]]]
[[[0.31679389 0.        ]]]
[[[0.31984733 0.        ]]]
[[[0.32366412 0.08333333]]]
[[[0.32366412 0.        ]]]
[[[0.32671756 0.        ]]]
[[[0.31984733 0.        ]]]
[[[0.31374046 0.        ]]]
[[[0.31450382 0.        ]]]
[[[0.31526718 0.        ]]]
[[[0.3129771 0.       ]]]
[[[0.3129771 0.       ]]]
[[[0.31450382 0.        ]]]
[[[0.31526718 0.        ]]]
[[[0.31374046 0.        ]]]
[[[0.31984733 0.        ]]]
[[[0.31221374 0.        ]]]
[[[0.31526718 0.        ]]]
[[[0.31603053 0.        ]]]
[[[0.31755725 0.        ]]]
[[[0.31679389 0.        ]]]
[[[0.31908397 0.        ]]]
[[[0.31679389 0.        ]]]
[[[0.31832061 0.        ]]]
[[[0.31526718 0.        ]]]
[[[0.31526718 0.        ]]]
[[[0.31526718 0.        ]]]
[[[0.31526718 0.04166667]]]
[[[0.31984733 0.        ]]]
[[[0.3129771 0.       ]]]
[[[0.31145038 0.        ]]]
[[[0.31068702 0.04166667]]]
[[[0.31068702 0.        ]]]
[[[0.31068702 0.04166667]]]
[[[0.31221374 0.        ]]]
[[[0.31374046 0.        ]]]
[[[0.31450382 0.        ]]]
[[[0.3129771  0.04166667]]]
[[[0.31526718 0.        ]]]
[[[0.30916031 0.        ]]]
[[[0.31374046 0.        ]]]
[[[0.31374046 0.        ]]]
[[[0.31679389 0.        ]]]
[[[0.30916031 0.        ]]]
[[[0.3129771 0.       ]]]
[[[0.31450382 0.        ]]]
[[[0.31450382 0.        ]]]
[[[0.30839695 0.        ]]]
[[[0.30992366 0.        ]]]
[[[0.31450382 0.        ]]]
[[[0.3129771 0.       ]]]
[[[0.31679389 0.04166667]]]
[[[0.31145038 0.        ]]]
[[[0.31450382 0.        ]]]
[[[0.3129771  0.04166667]]]
[[[0.31221374 0.        ]]]
[[[0.31068702 0.        ]]]
[[[0.31145038 0.        ]]]
[[[0.31374046 0.        ]]]
[[[0.32290076 0.        ]]]
[[[0.31145038 0.        ]]]
[[[0.31374046 0.        ]]]
[[[0.3129771 0.       ]]]
[[[0.31603053 0.        ]]]
[[[0.31908397 0.        ]]]
[[[0.31908397 0.        ]]]
[[[0.31679389 0.        ]]]
[[[0.31679389 0.        ]]]
[[[0.31068702 0.        ]]]
[[[0.31526718 0.        ]]]
[[[0.31679389 0.04166667]]]
[[[0.31221374 0.        ]]]
[[[0.31450382 0.        ]]]
[[[0.31145038 0.        ]]]
[[[0.3129771 0.       ]]]
[[[0.31374046 0.        ]]]
[[[0.31526718 0.        ]]]
[[[0.31679389 0.        ]]]
[[[0.31145038 0.        ]]]
[[[0.31145038 0.        ]]]
[[[0.31068702 0.        ]]]
[[[0.30763359 0.        ]]]
[[[0.31068702 0.        ]]]
[[[0.30763359 0.        ]]]
[[[0.3129771 0.       ]]]
[[[0.30992366 0.        ]]]
[[[0.31145038 0.        ]]]
[[[0.31221374 0.        ]]]
[[[0.31679389 0.        ]]]
[[[0.31450382 0.        ]]]
[[[0.31374046 0.        ]]]
[[[0.31068702 0.        ]]]
[[[0.3129771 0.       ]]]
[[[0.30916031 0.        ]]]
[[[0.30992366 0.        ]]]
[[[0.30687023 0.        ]]]
[[[0.30916031 0.        ]]]
[[[0.3129771 0.       ]]]
[[[0.30916031 0.        ]]]
[[[0.31603053 0.        ]]]
[[[0.31526718 0.        ]]]
[[[0.32137405 0.        ]]]
[[[0.31679389 0.        ]]]
[[[0.31526718 0.        ]]]
[[[0.31755725 0.        ]]]
[[[0.31679389 0.        ]]]
[[[0.30839695 0.        ]]]
[[[0.31145038 0.        ]]]
[[[0.31374046 0.        ]]]
[[[0.31374046 0.        ]]]
[[[0.31450382 0.        ]]]
[[[0.31450382 0.        ]]]
[[[0.31526718 0.        ]]]
[[[0.31526718 0.        ]]]
[[[0.31068702 0.        ]]]
[[[0.31679389 0.        ]]]
[[[0.31450382 0.        ]]]
[[[0.31755725 0.        ]]]
[[[0.31679389 0.        ]]]
[[[0.31603053 0.        ]]]
[[[0.31374046 0.        ]]]
[[[0.31145038 0.        ]]]
[[[0.31603053 0.        ]]]
[[[0.31755725 0.        ]]]
[[[0.31755725 0.        ]]]
[[[0.32442748 0.        ]]]
[[[0.31374046 0.        ]]]
[[[0.31603053 0.        ]]]
[[[0.3129771 0.       ]]]
[[[0.3129771 0.       ]]]
[[[0.3129771 0.       ]]]
[[[0.31068702 0.        ]]]
[[[0.30839695 0.        ]]]
[[[0.30839695 0.        ]]]
[[[0.31374046 0.        ]]]
[[[0.30992366 0.        ]]]
[[[0.31145038 0.        ]]]
[[[0.31679389 0.        ]]]
[[[0.31832061 0.        ]]]
[[[0.31068702 0.        ]]]
[[[0.31221374 0.        ]]]
[[[0.31145038 0.        ]]]
[[[0.31068702 0.        ]]]
[[[0.30839695 0.        ]]]
[[[0.30992366 0.        ]]]
[[[0.31221374 0.        ]]]
[[[0.30992366 0.        ]]]
[[[0.30839695 0.04166667]]]
[[[0.31145038 0.        ]]]
[[[0.30763359 0.        ]]]
[[[0.30610687 0.        ]]]
[[[0.30992366 0.        ]]]
[[[0.31603053 0.        ]]]
[[[0.31068702 0.        ]]]
[[[0.31755725 0.        ]]]
[[[0.31603053 0.        ]]]
[[[0.31679389 0.        ]]]
[[[0.31679389 0.        ]]]
[[[0.31145038 0.        ]]]
[[[0.3129771 0.       ]]]
[[[0.31603053 0.        ]]]
[[[0.31526718 0.        ]]]
[[[0.31603053 0.        ]]]
[[[0.3129771 0.       ]]]
[[[0.30687023 0.        ]]]
[[[0.31068702 0.        ]]]
[[[0.3129771 0.       ]]]
[[[0.30992366 0.        ]]]
[[[0.30992366 0.        ]]]
[[[0.31374046 0.        ]]]
[[[0.31603053 0.        ]]]
[[[0.31755725 0.        ]]]
[[[0.31984733 0.        ]]]
[[[0.31526718 0.        ]]]
[[[0.31526718 0.        ]]]
[[[0.31374046 0.        ]]]
[[[0.31068702 0.        ]]]
[[[0.31450382 0.        ]]]
[[[0.31145038 0.        ]]]
[[[0.3129771 0.       ]]]
[[[0.31068702 0.        ]]]
[[[0.30992366 0.        ]]]
[[[0.31068702 0.        ]]]
[[[0.31221374 0.08333333]]]
[[[0.30992366 0.        ]]]
[[[0.30763359 0.        ]]]
[[[0.30458015 0.        ]]]
[[[0.30305344 0.        ]]]
[[[0.30610687 0.        ]]]
[[[0.31145038 0.        ]]]
[[[0.30534351 0.        ]]]
[[[0.30839695 0.        ]]]
[[[0.30839695 0.        ]]]
[[[0.30229008 0.        ]]]
[[[0.30152672 0.        ]]]
[[[0.30687023 0.        ]]]
[[[0.29847328 0.        ]]]
[[[0.30229008 0.        ]]]
[[[0.30229008 0.        ]]]
[[[0.30305344 0.        ]]]
[[[0.30610687 0.        ]]]
[[[0.31145038 0.        ]]]
[[[0.30763359 0.        ]]]
[[[0.30458015 0.        ]]]
[[[0.30305344 0.        ]]]
[[[0.30687023 0.        ]]]
[[[0.31068702 0.        ]]]
[[[0.30687023 0.        ]]]
[[[0.30839695 0.        ]]]
[[[0.30534351 0.        ]]]
[[[0.31526718 0.        ]]]
[[[0.31374046 0.        ]]]
[[[0.31832061 0.        ]]]
[[[0.32061069 0.        ]]]
[[[0.32061069 0.        ]]]
[[[0.31908397 0.        ]]]
[[[0.31526718 0.        ]]]
[[[0.31832061 0.        ]]]
[[[0.31908397 0.04166667]]]
[[[0.31755725 0.        ]]]
[[[0.31679389 0.        ]]]
[[[0.31984733 0.        ]]]
[[[0.31526718 0.        ]]]
[[[0.31374046 0.        ]]]
[[[0.31755725 0.        ]]]
[[[0.31450382 0.        ]]]
[[[0.31679389 0.        ]]]
