[[[418.   0.]]]
[[[414.   0.]]]
[[[417.   0.]]]
[[[419.   0.]]]
[[[422.   0.]]]
[[[426.   0.]]]
[[[425.   0.]]]
[[[422.   0.]]]
[[[418.   0.]]]
[[[416.   0.]]]
[[[424.   0.]]]
[[[424.   0.]]]
[[[419.   0.]]]
[[[420.   0.]]]
[[[415.   0.]]]
[[[414.   0.]]]
[[[411.   0.]]]
[[[417.   0.]]]
[[[411.   0.]]]
[[[419.   0.]]]
[[[411.   0.]]]
[[[413.   0.]]]
[[[420.   0.]]]
[[[413.   0.]]]
[[[409.   0.]]]
[[[417.   0.]]]
[[[416.   0.]]]
[[[417.   0.]]]
[[[417.   0.]]]
[[[412.   0.]]]
[[[414.   0.]]]
[[[412.   0.]]]
[[[416.   0.]]]
[[[413.   0.]]]
[[[416.   0.]]]
[[[411.   0.]]]
[[[413.   0.]]]
[[[412.   0.]]]
[[[414.   0.]]]
[[[410.   0.]]]
[[[415.   0.]]]
[[[421.   0.]]]
[[[417.   0.]]]
[[[419.   0.]]]
[[[422.   0.]]]
[[[423.   0.]]]
[[[421.   0.]]]
[[[423.   0.]]]
[[[417.   0.]]]
[[[419.   0.]]]
[[[423.   0.]]]
[[[426.   0.]]]
[[[422.   0.]]]
[[[418.   0.]]]
[[[415.   0.]]]
[[[413.   0.]]]
[[[421.   1.]]]
[[[424.   0.]]]
[[[419.   0.]]]
[[[431.   0.]]]
[[[425.   0.]]]
[[[420.   0.]]]
[[[425.   0.]]]
[[[422.   0.]]]
[[[424.   0.]]]
[[[424.   0.]]]
[[[422.   0.]]]
[[[433.   0.]]]
[[[425.   0.]]]
[[[421.   0.]]]
[[[418.   0.]]]
[[[419.   0.]]]
[[[423.   0.]]]
[[[420.   0.]]]
[[[414.   0.]]]
[[[413.   0.]]]
[[[417.   0.]]]
[[[424.   0.]]]
[[[421.   0.]]]
