6.039531230926513672e-01
6.185944080352783203e-01
7.196193337440490723e-01
8.060029149055480957e-01
8.374816775321960449e-01
8.674963116645812988e-01
8.762811422348022461e-01
8.909224271774291992e-01
8.960468769073486328e-01
9.048316478729248047e-01
9.187408685684204102e-01
9.202049970626831055e-01
9.282577037811279297e-01
9.282577037811279297e-01
9.407027959823608398e-01
9.311859607696533203e-01
9.407027959823608398e-01
9.355783462524414062e-01
9.363104104995727539e-01
9.502196311950683594e-01
9.494875669479370117e-01
9.326500892639160156e-01
9.626647233963012695e-01
9.612005949020385742e-01
9.582723379135131836e-01
9.575402736663818359e-01
9.619326591491699219e-01
9.538799524307250977e-01
9.553440809249877930e-01
9.714494943618774414e-01
9.546120166778564453e-01
9.663250446319580078e-01
9.560761451721191406e-01
9.729136228561401367e-01
9.736456871032714844e-01
9.685212373733520508e-01
9.633967876434326172e-01
9.663250446319580078e-01
9.751098155975341797e-01
9.677891731262207031e-01
9.765739440917968750e-01
9.736456871032714844e-01
9.765739440917968750e-01
9.787701368331909180e-01
9.736456871032714844e-01
9.707174301147460938e-01
9.758418798446655273e-01
9.751098155975341797e-01
9.743777513504028320e-01
9.685212373733520508e-01
