6.521739363670349121e-01
7.074030637741088867e-01
7.074030637741088867e-01
7.473560571670532227e-01
8.014100790023803711e-01
8.284371495246887207e-01
8.390129208564758301e-01
8.954171538352966309e-01
8.789659142494201660e-01
9.001175165176391602e-01
8.977673053741455078e-01
8.965922594070434570e-01
9.153936505317687988e-01
8.989424109458923340e-01
8.965922594070434570e-01
8.965922594070434570e-01
9.142185449600219727e-01
9.142185449600219727e-01
9.200940132141113281e-01
9.294947385787963867e-01
9.294947385787963867e-01
9.365452527999877930e-01
9.330199956893920898e-01
9.471210241317749023e-01
9.318448901176452637e-01
9.400705099105834961e-01
9.294947385787963867e-01
9.518213868141174316e-01
9.600470066070556641e-01
9.529964923858642578e-01
9.635722637176513672e-01
9.588719010353088379e-01
9.565217494964599609e-01
9.612221121788024902e-01
9.529964923858642578e-01
9.435957670211791992e-01
9.600470066070556641e-01
9.553466439247131348e-01
9.764982461929321289e-01
9.717978835105895996e-01
9.670975208282470703e-01
9.659224152565002441e-01
9.741480350494384766e-01
9.612221121788024902e-01
9.647473692893981934e-01
9.729729890823364258e-01
9.753231406211853027e-01
9.682726263999938965e-01
9.741480350494384766e-01
9.729729890823364258e-01
