6.002928018569946289e-01
6.185944080352783203e-01
7.020497918128967285e-01
7.979502081871032715e-01
8.360175490379333496e-01
8.755490779876708984e-01
8.740848898887634277e-01
8.740848898887634277e-01
8.982430696487426758e-01
9.150805473327636719e-01
9.282577037811279297e-01
9.158126115798950195e-01
9.260615110397338867e-01
9.377745389938354492e-01
9.202049970626831055e-01
9.319180250167846680e-01
9.407027959823608398e-01
9.516837596893310547e-01
9.575402736663818359e-01
9.575402736663818359e-01
9.560761451721191406e-01
9.546120166778564453e-01
9.626647233963012695e-01
9.648609161376953125e-01
9.655929803848266602e-01
9.626647233963012695e-01
9.721815586090087891e-01
9.721815586090087891e-01
9.714494943618774414e-01
9.655929803848266602e-01
9.736456871032714844e-01
9.765739440917968750e-01
9.736456871032714844e-01
9.729136228561401367e-01
9.758418798446655273e-01
9.714494943618774414e-01
9.721815586090087891e-01
9.553440809249877930e-01
9.612005949020385742e-01
9.729136228561401367e-01
9.685212373733520508e-01
9.626647233963012695e-01
9.685212373733520508e-01
9.655929803848266602e-01
9.758418798446655273e-01
9.721815586090087891e-01
9.736456871032714844e-01
9.773060083389282227e-01
9.692533016204833984e-01
9.758418798446655273e-01
