6.105417013168334961e-01
6.185944080352783203e-01
7.064421772956848145e-01
7.847730517387390137e-01
8.477305769920349121e-01
8.623718619346618652e-01
8.740848898887634277e-01
9.040995836257934570e-01
8.828697204589843750e-01
9.019033908843994141e-01
9.114202260971069336e-01
9.194729328155517578e-01
9.224011898040771484e-01
9.231332540512084961e-01
9.326500892639160156e-01
9.392386674880981445e-01
9.341142177581787109e-01
9.260615110397338867e-01
9.333821535110473633e-01
9.414348602294921875e-01
9.421669244766235352e-01
9.641288518905639648e-01
9.590044021606445312e-01
9.575402736663818359e-01
9.582723379135131836e-01
9.670571088790893555e-01
9.699853658676147461e-01
9.648609161376953125e-01
9.633967876434326172e-01
9.663250446319580078e-01
9.699853658676147461e-01
9.626647233963012695e-01
9.677891731262207031e-01
9.729136228561401367e-01
9.641288518905639648e-01
9.699853658676147461e-01
9.721815586090087891e-01
9.743777513504028320e-01
9.736456871032714844e-01
9.677891731262207031e-01
9.765739440917968750e-01
9.765739440917968750e-01
9.773060083389282227e-01
9.890190362930297852e-01
9.816983938217163086e-01
9.780380725860595703e-01
9.802342653274536133e-01
9.751098155975341797e-01
9.824304580688476562e-01
9.795022010803222656e-01
