5.937042236328125000e-01
6.185944080352783203e-01
7.415812611579895020e-01
8.118594288825988770e-01
8.338213562965393066e-01
8.484626412391662598e-01
8.784773349761962891e-01
8.909224271774291992e-01
8.960468769073486328e-01
8.989751338958740234e-01
8.953148126602172852e-01
9.062957763671875000e-01
9.194729328155517578e-01
9.231332540512084961e-01
9.245973825454711914e-01
9.348462820053100586e-01
9.407027959823608398e-01
9.370424747467041016e-01
9.385066032409667969e-01
9.472913742065429688e-01
9.575402736663818359e-01
9.428989887237548828e-01
9.648609161376953125e-01
9.612005949020385742e-01
9.677891731262207031e-01
9.612005949020385742e-01
9.480234384536743164e-01
9.575402736663818359e-01
9.590044021606445312e-01
9.641288518905639648e-01
9.699853658676147461e-01
9.648609161376953125e-01
9.685212373733520508e-01
9.633967876434326172e-01
9.575402736663818359e-01
9.626647233963012695e-01
9.612005949020385742e-01
9.743777513504028320e-01
9.597364664077758789e-01
9.685212373733520508e-01
9.655929803848266602e-01
9.787701368331909180e-01
9.714494943618774414e-01
9.707174301147460938e-01
9.729136228561401367e-01
9.751098155975341797e-01
9.663250446319580078e-01
9.626647233963012695e-01
9.765739440917968750e-01
9.773060083389282227e-01
