6.461203694343566895e-01
6.656997799873352051e-01
6.678752899169921875e-01
6.678752899169921875e-01
6.678752899169921875e-01
6.678752899169921875e-01
6.678752899169921875e-01
6.678752899169921875e-01
6.678752899169921875e-01
6.678752899169921875e-01
6.722262501716613770e-01
6.729514002799987793e-01
6.787527203559875488e-01
6.809282302856445312e-01
6.816533803939819336e-01
6.533719897270202637e-01
7.092095613479614258e-01
7.759245634078979492e-01
8.092820644378662109e-01
7.635968327522277832e-01
7.831762433052062988e-01
8.005801439285278320e-01
8.614938259124755859e-01
8.629441857337951660e-01
8.542422056198120117e-01
8.506163954734802246e-01
8.854241967201232910e-01
8.404641151428222656e-01
8.701958060264587402e-01
8.926758766174316406e-01
8.665699958801269531e-01
8.955764770507812500e-01
8.245105147361755371e-01
8.788977265357971191e-01
8.832487463951110840e-01
9.122552871704101562e-01
9.100797772407531738e-01
8.963016867637634277e-01
9.100797772407531738e-01
9.144307374954223633e-01
9.187816977500915527e-01
8.934010267257690430e-01
8.890500068664550781e-01
9.028281569480895996e-01
9.180565476417541504e-01
8.839738965034484863e-01
9.144307374954223633e-01
8.817983865737915039e-01
8.817983865737915039e-01
8.897752165794372559e-01
