6.515957713127136230e-01
6.941489577293395996e-01
6.941489577293395996e-01
6.941489577293395996e-01
7.699468135833740234e-01
8.031914830207824707e-01
8.218085169792175293e-01
8.324468135833740234e-01
8.430851101875305176e-01
8.457446694374084473e-01
8.590425252914428711e-01
8.710106611251831055e-01
8.577127456665039062e-01
8.630319237709045410e-01
8.723404407501220703e-01
8.710106611251831055e-01
8.869680762290954590e-01
8.816489577293395996e-01
8.789893388748168945e-01
8.909574747085571289e-01
8.882978558540344238e-01
9.002659320831298828e-01
8.976063728332519531e-01
9.002659320831298828e-01
8.909574747085571289e-01
8.976063728332519531e-01
9.029255509376525879e-01
9.162234067916870117e-01
9.069148898124694824e-01
9.042553305625915527e-01
9.202127456665039062e-01
9.375000000000000000e-01
9.321808218955993652e-01
9.561170339584350586e-01
9.640957713127136230e-01
9.534574747085571289e-01
9.667553305625915527e-01
9.747340679168701172e-01
9.561170339584350586e-01
9.680851101875305176e-01
9.680851101875305176e-01
9.547872543334960938e-01
9.707446694374084473e-01
9.614361524581909180e-01
9.680851101875305176e-01
9.534574747085571289e-01
9.587765932083129883e-01
9.601063728332519531e-01
9.587765932083129883e-01
9.601063728332519531e-01
