5.944362878799438477e-01
6.185944080352783203e-01
7.108345627784729004e-01
8.016105294227600098e-01
8.506588339805603027e-01
8.557832837104797363e-01
8.865300416946411133e-01
8.953148126602172852e-01
8.872621059417724609e-01
8.909224271774291992e-01
9.011713266372680664e-01
8.960468769073486328e-01
9.194729328155517578e-01
9.253294467926025391e-01
9.319180250167846680e-01
9.370424747467041016e-01
9.472913742065429688e-01
9.392386674880981445e-01
9.385066032409667969e-01
9.450951814651489258e-01
9.450951814651489258e-01
9.443631172180175781e-01
9.516837596893310547e-01
9.538799524307250977e-01
9.494875669479370117e-01
9.472913742065429688e-01
9.560761451721191406e-01
9.597364664077758789e-01
9.597364664077758789e-01
9.516837596893310547e-01
9.655929803848266602e-01
9.619326591491699219e-01
9.655929803848266602e-01
9.626647233963012695e-01
9.707174301147460938e-01
9.677891731262207031e-01
9.685212373733520508e-01
9.663250446319580078e-01
9.663250446319580078e-01
9.758418798446655273e-01
9.692533016204833984e-01
9.729136228561401367e-01
9.773060083389282227e-01
9.846266508102416992e-01
9.765739440917968750e-01
9.751098155975341797e-01
9.743777513504028320e-01
9.641288518905639648e-01
9.751098155975341797e-01
9.714494943618774414e-01
