6.424945592880249023e-01
6.678752899169921875e-01
6.678752899169921875e-01
6.678752899169921875e-01
6.678752899169921875e-01
6.678752899169921875e-01
6.678752899169921875e-01
6.678752899169921875e-01
6.678752899169921875e-01
6.686004400253295898e-01
6.729514002799987793e-01
6.751269102096557617e-01
6.823785305023193359e-01
6.838288903236389160e-01
6.845540404319763184e-01
6.794778704643249512e-01
6.707759499549865723e-01
6.939811706542968750e-01
7.034082412719726562e-01
7.621464729309082031e-01
7.664974331855773926e-01
8.404641151428222656e-01
8.194343447685241699e-01
7.955039739608764648e-01
8.759971261024475098e-01
8.745467662811279297e-01
8.498912453651428223e-01
8.912255167961120605e-01
8.672951459884643555e-01
8.890500068664550781e-01
8.759971261024475098e-01
8.585931658744812012e-01
8.759971261024475098e-01
8.854241967201232910e-01
8.846990466117858887e-01
9.050036072731018066e-01
8.607686758041381836e-01
8.854241967201232910e-01
9.042784571647644043e-01
9.100797772407531738e-01
8.934010267257690430e-01
8.897752165794372559e-01
8.832487463951110840e-01
8.977519869804382324e-01
8.999274969100952148e-01
9.187816977500915527e-01
9.187816977500915527e-01
8.796229362487792969e-01
9.180565476417541504e-01
9.238578677177429199e-01
