3.352518081665039062e-01
3.410072028636932373e-01
3.280575573444366455e-01
3.352518081665039062e-01
3.820143938064575195e-01
4.071942567825317383e-01
4.093525111675262451e-01
4.179856181144714355e-01
3.884892165660858154e-01
4.237410128116607666e-01
4.079136550426483154e-01
4.503597021102905273e-01
4.510791301727294922e-01
4.863309264183044434e-01
4.863309264183044434e-01
4.647482037544250488e-01
5.086330771446228027e-01
4.992805719375610352e-01
5.604316592216491699e-01
5.280575752258300781e-01
5.510791540145874023e-01
6.187050342559814453e-01
6.158273220062255859e-01
6.654676198959350586e-01
6.791366934776306152e-01
7.352517843246459961e-01
7.172662019729614258e-01
7.611510753631591797e-01
6.920863389968872070e-01
7.604316473007202148e-01
7.057554125785827637e-01
8.143885135650634766e-01
7.791367173194885254e-01
8.424460291862487793e-01
8.273381590843200684e-01
7.410072088241577148e-01
8.366906642913818359e-01
8.374100923538208008e-01
8.640287518501281738e-01
7.964028716087341309e-01
8.352518081665039062e-01
8.129496574401855469e-01
8.223021626472473145e-01
8.769783973693847656e-01
8.582733869552612305e-01
8.762589693069458008e-01
8.510791659355163574e-01
8.352518081665039062e-01
8.446043133735656738e-01
8.575539588928222656e-01
