5.032632350921630859e-01
5.184916853904724121e-01
5.344452261924743652e-01
5.257433056831359863e-01
5.126903653144836426e-01
5.511239767074584961e-01
5.772298574447631836e-01
5.786802172660827637e-01
5.649021267890930176e-01
5.801305174827575684e-01
5.852066874504089355e-01
6.040608882904052734e-01
5.830311775207519531e-01
6.410442590713500977e-01
6.715011000633239746e-01
7.034082412719726562e-01
7.483683824539184570e-01
7.469180822372436523e-01
8.020304441452026367e-01
8.571428656578063965e-01
8.984771370887756348e-01
8.600435256958007812e-01
8.955764770507812500e-01
9.093546271324157715e-01
8.564177155494689941e-01
9.260333776473999023e-01
9.347352981567382812e-01
9.129804372787475586e-01
9.245830178260803223e-01
8.701958060264587402e-01
8.774474263191223145e-01
9.006526470184326172e-01
9.042784571647644043e-01
9.224075675010681152e-01
9.354605078697204590e-01
9.390863180160522461e-01
9.340101480484008789e-01
9.514140486717224121e-01
9.419869184494018555e-01
9.369108080863952637e-01
8.767222762107849121e-01
8.752719163894653320e-01
9.448875784873962402e-01
9.564902186393737793e-01
9.390863180160522461e-01
9.289340376853942871e-01
9.340101480484008789e-01
9.492385983467102051e-01
9.463379383087158203e-01
9.535895586013793945e-01
