4.851341545581817627e-01
5.279187560081481934e-01
5.279187560081481934e-01
5.279187560081481934e-01
5.163161754608154297e-01
5.242929458618164062e-01
5.670775771141052246e-01
5.460478663444519043e-01
5.431472063064575195e-01
5.866569876670837402e-01
5.946338176727294922e-01
6.308919787406921387e-01
6.432197093963623047e-01
7.432922124862670898e-01
7.817258834838867188e-01
7.657722830772399902e-01
7.367658019065856934e-01
8.462654352188110352e-01
8.977519869804382324e-01
8.506163954734802246e-01
8.346627950668334961e-01
8.796229362487792969e-01
8.846990466117858887e-01
8.912255167961120605e-01
9.361856579780578613e-01
9.361856579780578613e-01
8.955764770507812500e-01
8.694706559181213379e-01
9.267585277557373047e-01
9.361856579780578613e-01
9.398114681243896484e-01
9.506888985633850098e-01
9.173313975334167480e-01
9.137055873870849609e-01
9.086294174194335938e-01
8.912255167961120605e-01
9.405366182327270508e-01
9.477882385253906250e-01
9.412617683410644531e-01
9.477882385253906250e-01
9.564902186393737793e-01
9.506888985633850098e-01
8.716461062431335449e-01
8.984771370887756348e-01
9.405366182327270508e-01
9.615663290023803711e-01
9.311094880104064941e-01
9.470630884170532227e-01
9.398114681243896484e-01
9.202320575714111328e-01
