7.469090819358825684e-01
7.789090871810913086e-01
7.789090871810913086e-01
7.789090871810913086e-01
8.210909366607666016e-01
8.509091138839721680e-01
8.610908985137939453e-01
8.669090867042541504e-01
8.676363825798034668e-01
8.821818232536315918e-01
8.938181996345520020e-01
8.996363878250122070e-01
9.170908927917480469e-01
9.258182048797607422e-01
8.799999952316284180e-01
9.127272963523864746e-01
9.359999895095825195e-01
9.396363496780395508e-01
9.498181939125061035e-01
9.534545540809631348e-01
9.338181614875793457e-01
9.534545540809631348e-01
9.418181777000427246e-01
9.403636455535888672e-01
9.359999895095825195e-01
9.250909090042114258e-01
9.410908818244934082e-01
9.490908980369567871e-01
9.476363658905029297e-01
9.556363821029663086e-01
9.599999785423278809e-01
9.679999947547912598e-01
9.607272744178771973e-01
9.454545378684997559e-01
9.418181777000427246e-01
9.469090700149536133e-01
9.672726988792419434e-01
9.694545269012451172e-01
9.679999947547912598e-01
9.687272906303405762e-01
9.745454788208007812e-01
9.774545431137084961e-01
9.469090700149536133e-01
9.738181829452514648e-01
9.803636074066162109e-01
9.760000109672546387e-01
9.752727150917053223e-01
9.650909304618835449e-01
9.774545431137084961e-01
9.614545702934265137e-01
