7.498182058334350586e-01
7.789090871810913086e-01
7.789090871810913086e-01
7.789090871810913086e-01
8.181818127632141113e-01
8.567273020744323730e-01
8.669090867042541504e-01
8.814545273780822754e-01
8.909090757369995117e-01
9.163636565208435059e-01
8.880000114440917969e-01
9.287272691726684570e-01
9.185454249382019043e-01
9.243636131286621094e-01
9.440000057220458984e-01
9.447273015975952148e-01
9.447273015975952148e-01
9.192727208137512207e-01
9.316363930702209473e-01
9.410908818244934082e-01
9.338181614875793457e-01
9.410908818244934082e-01
9.490908980369567871e-01
9.585454463958740234e-01
9.578182101249694824e-01
9.614545702934265137e-01
9.730908870697021484e-01
9.672726988792419434e-01
9.665454626083374023e-01
9.541817903518676758e-01
9.534545540809631348e-01
9.803636074066162109e-01
9.636363387107849121e-01
9.774545431137084961e-01
9.767272472381591797e-01
9.752727150917053223e-01
9.578182101249694824e-01
9.738181829452514648e-01
9.745454788208007812e-01
9.803636074066162109e-01
9.665454626083374023e-01
9.534545540809631348e-01
9.716363549232482910e-01
9.825454354286193848e-01
9.730908870697021484e-01
9.803636074066162109e-01
9.781818389892578125e-01
9.810909032821655273e-01
9.679999947547912598e-01
9.738181829452514648e-01
