6.609042286872863770e-01
6.941489577293395996e-01
6.941489577293395996e-01
6.941489577293395996e-01
7.526595592498779297e-01
7.992021441459655762e-01
8.204787373542785645e-01
8.231382966041564941e-01
8.523936271667480469e-01
8.404255509376525879e-01
8.656914830207824707e-01
8.563829660415649414e-01
8.497340679168701172e-01
8.563829660415649414e-01
8.696808218955993652e-01
8.789893388748168945e-01
8.856382966041564941e-01
8.882978558540344238e-01
8.962765932083129883e-01
8.882978558540344238e-01
8.909574747085571289e-01
8.829787373542785645e-01
8.949468135833740234e-01
8.922872543334960938e-01
8.763297796249389648e-01
8.909574747085571289e-01
8.909574747085571289e-01
9.002659320831298828e-01
9.069148898124694824e-01
9.202127456665039062e-01
9.175531864166259766e-01
9.295212626457214355e-01
9.135638475418090820e-01
9.308510422706604004e-01
9.281914830207824707e-01
9.188829660415649414e-01
9.441489577293395996e-01
9.441489577293395996e-01
9.494680762290954590e-01
9.521276354789733887e-01
9.507978558540344238e-01
9.574468135833740234e-01
9.481382966041564941e-01
9.561170339584350586e-01
9.574468135833740234e-01
9.627659320831298828e-01
9.574468135833740234e-01
9.667553305625915527e-01
9.640957713127136230e-01
9.747340679168701172e-01
