6.308139562606811523e-01
6.555232405662536621e-01
7.383720874786376953e-01
8.037790656089782715e-01
8.633720874786376953e-01
8.735465407371520996e-01
8.604651093482971191e-01
8.750000000000000000e-01
8.822674155235290527e-01
8.793604373931884766e-01
8.808139562606811523e-01
8.946220874786376953e-01
8.946220874786376953e-01
9.004360437393188477e-01
8.968023061752319336e-01
8.989825844764709473e-01
9.062500000000000000e-01
9.106104373931884766e-01
9.171511530876159668e-01
9.164243936538696289e-01
9.113371968269348145e-01
9.215116500854492188e-01
9.236918687820434570e-01
9.345930218696594238e-01
9.404069781303405762e-01
9.593023061752319336e-01
9.556686282157897949e-01
9.629360437393188477e-01
9.622092843055725098e-01
9.680232405662536621e-01
9.636628031730651855e-01
9.738371968269348145e-01
9.687500000000000000e-01
9.665697813034057617e-01
9.687500000000000000e-01
9.709302186965942383e-01
9.723837375640869141e-01
9.636628031730651855e-01
9.760174155235290527e-01
9.745639562606811523e-01
9.752907156944274902e-01
9.774709343910217285e-01
9.723837375640869141e-01
9.752907156944274902e-01
9.738371968269348145e-01
9.738371968269348145e-01
9.767441749572753906e-01
9.767441749572753906e-01
9.731104373931884766e-01
9.709302186965942383e-01
