4.123563170433044434e-01
4.518678188323974609e-01
4.518678188323974609e-01
4.877873659133911133e-01
5.323275923728942871e-01
5.150862336158752441e-01
5.589080452919006348e-01
5.495689511299133301e-01
5.517241358757019043e-01
5.668103694915771484e-01
5.660919547080993652e-01
5.675287246704101562e-01
5.553160905838012695e-01
5.747126340866088867e-01
5.653735399246215820e-01
5.919540524482727051e-01
6.034482717514038086e-01
6.156609058380126953e-01
6.156609058380126953e-01
6.472701430320739746e-01
6.508620977401733398e-01
6.882184147834777832e-01
6.867815852165222168e-01
7.291666865348815918e-01
7.327586412429809570e-01
7.571839094161987305e-01
8.110632300376892090e-01
8.017241358757019043e-01
8.477011322975158691e-01
8.139367699623107910e-01
8.455459475517272949e-01
8.757184147834777832e-01
8.268678188323974609e-01
8.318965435028076172e-01
8.591954112052917480e-01
8.857758641242980957e-01
8.979884982109069824e-01
8.477011322975158691e-01
8.685345053672790527e-01
9.015804529190063477e-01
9.022988677024841309e-01
8.692528605461120605e-01
8.785919547080993652e-01
8.548850417137145996e-01
8.642241358757019043e-01
8.814654946327209473e-01
9.022988677024841309e-01
9.137930870056152344e-01
8.239942789077758789e-01
8.814654946327209473e-01
