6.332852840423583984e-01
6.577810049057006836e-01
7.399135231971740723e-01
8.155619502067565918e-01
8.667147159576416016e-01
8.746397495269775391e-01
8.825648427009582520e-01
8.746397495269775391e-01
8.912103772163391113e-01
8.933717608451843262e-01
9.005763530731201172e-01
9.113832712173461914e-01
9.056196212768554688e-01
9.113832712173461914e-01
9.193083643913269043e-01
9.301152825355529785e-01
9.243515729904174805e-01
9.308357238769531250e-01
9.632564783096313477e-01
9.474063515663146973e-01
9.481267929077148438e-01
9.661383032798767090e-01
9.682996869087219238e-01
9.639769196510314941e-01
9.697406291961669922e-01
9.711815714836120605e-01
9.682996869087219238e-01
9.711815714836120605e-01
9.783861637115478516e-01
9.747838377952575684e-01
9.646974205970764160e-01
9.747838377952575684e-01
9.704610705375671387e-01
9.704610705375671387e-01
9.690201878547668457e-01
9.704610705375671387e-01
9.690201878547668457e-01
9.733429551124572754e-01
9.776657223701477051e-01
9.711815714836120605e-01
9.776657223701477051e-01
9.719020128250122070e-01
9.661383032798767090e-01
9.726224541664123535e-01
9.711815714836120605e-01
9.733429551124572754e-01
9.776657223701477051e-01
9.711815714836120605e-01
9.798271059989929199e-01
9.841498732566833496e-01
