6.424945592880249023e-01
6.678752899169921875e-01
6.678752899169921875e-01
6.678752899169921875e-01
6.678752899169921875e-01
6.678752899169921875e-01
6.678752899169921875e-01
6.678752899169921875e-01
6.678752899169921875e-01
6.693255901336669922e-01
6.722262501716613770e-01
6.765772104263305664e-01
6.780275702476501465e-01
6.809282302856445312e-01
6.700507402420043945e-01
7.121102213859558105e-01
7.592458128929138184e-01
7.483683824539184570e-01
8.230602145195007324e-01
7.926033139228820801e-01
8.317621350288391113e-01
8.462654352188110352e-01
8.303118348121643066e-01
8.658447861671447754e-01
8.803480863571166992e-01
8.636693358421325684e-01
8.730964660644531250e-01
8.738216161727905273e-01
8.701958060264587402e-01
8.672951459884643555e-01
8.796229362487792969e-01
8.614938259124755859e-01
9.006526470184326172e-01
9.100797772407531738e-01
8.941261768341064453e-01
8.817983865737915039e-01
9.187816977500915527e-01
9.021029472351074219e-01
8.999274969100952148e-01
9.216823577880859375e-01
9.057288169860839844e-01
9.216823577880859375e-01
9.238578677177429199e-01
9.231327176094055176e-01
9.231327176094055176e-01
8.861494064331054688e-01
9.071791172027587891e-01
9.129804372787475586e-01
9.086294174194335938e-01
8.875997066497802734e-01
