6.325648427009582520e-01
6.577810049057006836e-01
7.283861637115478516e-01
8.256484270095825195e-01
8.652737736701965332e-01
8.832852840423583984e-01
8.818444013595581055e-01
8.948127031326293945e-01
8.955331444740295410e-01
8.955331444740295410e-01
9.070605039596557617e-01
9.142651557922363281e-01
9.099423885345458984e-01
9.200288057327270508e-01
9.178674221038818359e-01
9.293948411941528320e-01
9.373198747634887695e-01
9.589337110519409180e-01
9.639769196510314941e-01
9.582132697105407715e-01
9.661383032798767090e-01
9.639769196510314941e-01
9.697406291961669922e-01
9.697406291961669922e-01
9.661383032798767090e-01
9.574927687644958496e-01
9.517291188240051270e-01
9.639769196510314941e-01
9.755043387413024902e-01
9.697406291961669922e-01
9.646974205970764160e-01
9.711815714836120605e-01
9.668588042259216309e-01
9.755043387413024902e-01
9.755043387413024902e-01
9.661383032798767090e-01
9.812679886817932129e-01
9.747838377952575684e-01
9.747838377952575684e-01
9.726224541664123535e-01
9.762247800827026367e-01
9.755043387413024902e-01
9.740633964538574219e-01
9.762247800827026367e-01
9.769452214241027832e-01
9.848703145980834961e-01
9.819884896278381348e-01
9.783861637115478516e-01
9.711815714836120605e-01
9.690201878547668457e-01
