6.639248132705688477e-01
7.074030637741088867e-01
7.074030637741088867e-01
7.473560571670532227e-01
8.061104416847229004e-01
8.554641604423522949e-01
8.742655515670776367e-01
8.695651888847351074e-01
8.836662769317626953e-01
8.848413825035095215e-01
8.883666396141052246e-01
9.001175165176391602e-01
8.942420482635498047e-01
8.789659142494201660e-01
8.989424109458923340e-01
8.895417451858520508e-01
9.142185449600219727e-01
9.059929251670837402e-01
9.153936505317687988e-01
9.165687561035156250e-01
9.247943758964538574e-01
9.177438020706176758e-01
9.294947385787963867e-01
9.365452527999877930e-01
9.306697845458984375e-01
9.447708725929260254e-01
9.471210241317749023e-01
9.471210241317749023e-01
9.529964923858642578e-01
9.412456154823303223e-01
9.506462812423706055e-01
9.565217494964599609e-01
9.588719010353088379e-01
9.541715383529663086e-01
9.588719010353088379e-01
9.635722637176513672e-01
9.576968550682067871e-01
9.670975208282470703e-01
9.635722637176513672e-01
9.741480350494384766e-01
9.659224152565002441e-01
9.588719010353088379e-01
9.717978835105895996e-01
9.647473692893981934e-01
9.694477319717407227e-01
9.506462812423706055e-01
9.635722637176513672e-01
9.706227779388427734e-01
9.612221121788024902e-01
9.670975208282470703e-01
