5.966324806213378906e-01
6.185944080352783203e-01
7.101024985313415527e-01
8.016105294227600098e-01
8.374816775321960449e-01
8.455343842506408691e-01
8.557832837104797363e-01
8.894582986831665039e-01
8.894582986831665039e-01
8.931186199188232422e-01
8.821376562118530273e-01
9.143484830856323242e-01
9.253294467926025391e-01
9.231332540512084961e-01
9.202049970626831055e-01
9.253294467926025391e-01
9.348462820053100586e-01
9.414348602294921875e-01
9.472913742065429688e-01
9.414348602294921875e-01
9.370424747467041016e-01
9.289897680282592773e-01
9.414348602294921875e-01
9.590044021606445312e-01
9.553440809249877930e-01
9.553440809249877930e-01
9.655929803848266602e-01
9.663250446319580078e-01
9.677891731262207031e-01
9.604685306549072266e-01
9.641288518905639648e-01
9.633967876434326172e-01
9.751098155975341797e-01
9.619326591491699219e-01
9.648609161376953125e-01
9.765739440917968750e-01
9.619326591491699219e-01
9.685212373733520508e-01
9.736456871032714844e-01
9.685212373733520508e-01
9.729136228561401367e-01
9.531478881835937500e-01
9.560761451721191406e-01
9.729136228561401367e-01
9.699853658676147461e-01
9.670571088790893555e-01
9.677891731262207031e-01
9.721815586090087891e-01
9.780380725860595703e-01
9.736456871032714844e-01
