6.650998592376708984e-01
7.074030637741088867e-01
7.074030637741088867e-01
7.179788351058959961e-01
7.732079625129699707e-01
8.366627693176269531e-01
8.554641604423522949e-01
8.742655515670776367e-01
9.001175165176391602e-01
8.730905055999755859e-01
8.860164284706115723e-01
8.907167911529541016e-01
9.001175165176391602e-01
8.942420482635498047e-01
9.153936505317687988e-01
8.989424109458923340e-01
8.977673053741455078e-01
9.177438020706176758e-01
9.236192703247070312e-01
9.283196330070495605e-01
9.142185449600219727e-01
9.365452527999877930e-01
9.365452527999877930e-01
9.459459185600280762e-01
9.482961297035217285e-01
9.412456154823303223e-01
9.459459185600280762e-01
9.541715383529663086e-01
9.494712352752685547e-01
9.553466439247131348e-01
9.576968550682067871e-01
9.553466439247131348e-01
9.600470066070556641e-01
9.635722637176513672e-01
9.600470066070556641e-01
9.506462812423706055e-01
9.682726263999938965e-01
9.659224152565002441e-01
9.659224152565002441e-01
9.635722637176513672e-01
9.635722637176513672e-01
9.682726263999938965e-01
9.706227779388427734e-01
9.694477319717407227e-01
9.659224152565002441e-01
9.588719010353088379e-01
9.717978835105895996e-01
9.753231406211853027e-01
9.729729890823364258e-01
9.788483977317810059e-01
