5.973645448684692383e-01
6.185944080352783203e-01
7.130307555198669434e-01
8.008784651756286621e-01
8.462664484977722168e-01
8.645680546760559082e-01
8.821376562118530273e-01
8.792093992233276367e-01
8.799414634704589844e-01
8.938506841659545898e-01
9.216691255569458008e-01
9.077599048614501953e-01
9.231332540512084961e-01
9.267935752868652344e-01
9.136164188385009766e-01
9.355783462524414062e-01
9.407027959823608398e-01
9.407027959823608398e-01
9.450951814651489258e-01
9.524158239364624023e-01
9.509516954421997070e-01
9.348462820053100586e-01
9.385066032409667969e-01
9.524158239364624023e-01
9.648609161376953125e-01
9.641288518905639648e-01
9.677891731262207031e-01
9.736456871032714844e-01
9.692533016204833984e-01
9.670571088790893555e-01
9.663250446319580078e-01
9.641288518905639648e-01
9.780380725860595703e-01
9.677891731262207031e-01
9.743777513504028320e-01
9.758418798446655273e-01
9.714494943618774414e-01
9.670571088790893555e-01
9.721815586090087891e-01
9.743777513504028320e-01
9.677891731262207031e-01
9.780380725860595703e-01
9.590044021606445312e-01
9.546120166778564453e-01
9.743777513504028320e-01
9.743777513504028320e-01
9.787701368331909180e-01
9.795022010803222656e-01
9.765739440917968750e-01
9.597364664077758789e-01
