6.136034727096557617e-01
6.425470113754272461e-01
7.235890030860900879e-01
8.154848217964172363e-01
8.429811596870422363e-01
8.617944717407226562e-01
8.849493265151977539e-01
8.755427002906799316e-01
8.827785849571228027e-01
8.835021853446960449e-01
8.863965272903442383e-01
8.835021853446960449e-01
8.958032131195068359e-01
9.008682966232299805e-01
8.994211554527282715e-01
9.059334397315979004e-01
9.095513820648193359e-01
9.247467517852783203e-01
9.341533780097961426e-01
9.464544057846069336e-01
9.500723481178283691e-01
9.536902904510498047e-01
9.630969762802124023e-01
9.580318331718444824e-01
9.667149186134338379e-01
9.659913182258605957e-01
9.573082327842712402e-01
9.667149186134338379e-01
9.638205766677856445e-01
9.717800021171569824e-01
9.681620597839355469e-01
9.667149186134338379e-01
9.703328609466552734e-01
9.688856601715087891e-01
9.775687456130981445e-01
9.696092605590820312e-01
9.717800021171569824e-01
9.725036025047302246e-01
9.761215448379516602e-01
9.775687456130981445e-01
9.753979444503784180e-01
9.659913182258605957e-01
9.652677178382873535e-01
9.558610916137695312e-01
9.667149186134338379e-01
9.645441174507141113e-01
9.790159463882446289e-01
9.775687456130981445e-01
9.753979444503784180e-01
9.797394871711730957e-01
