6.409883499145507812e-01
6.555232405662536621e-01
7.550871968269348145e-01
8.299418687820434570e-01
8.597383499145507812e-01
8.829941749572753906e-01
8.742732405662536621e-01
8.888081312179565430e-01
8.960756063461303711e-01
8.866279125213623047e-01
8.953488469123840332e-01
8.924418687820434570e-01
8.851743936538696289e-01
9.004360437393188477e-01
9.018895626068115234e-01
9.062500000000000000e-01
9.164243936538696289e-01
9.062500000000000000e-01
9.258720874786376953e-01
9.265988469123840332e-01
9.345930218696594238e-01
9.600290656089782715e-01
9.658430218696594238e-01
9.622092843055725098e-01
9.680232405662536621e-01
9.629360437393188477e-01
9.607558250427246094e-01
9.549418687820434570e-01
9.643895626068115234e-01
9.593023061752319336e-01
9.731104373931884766e-01
9.687500000000000000e-01
9.665697813034057617e-01
9.818313717842102051e-01
9.752907156944274902e-01
9.680232405662536621e-01
9.694767594337463379e-01
9.738371968269348145e-01
9.818313717842102051e-01
9.731104373931884766e-01
9.731104373931884766e-01
9.694767594337463379e-01
9.752907156944274902e-01
9.680232405662536621e-01
9.760174155235290527e-01
9.767441749572753906e-01
9.789243936538696289e-01
9.709302186965942383e-01
9.709302186965942383e-01
9.774709343910217285e-01
