6.010248661041259766e-01
6.185944080352783203e-01
6.808199286460876465e-01
7.906295657157897949e-01
8.367496132850646973e-01
8.411419987678527832e-01
8.645680546760559082e-01
8.960468769073486328e-01
8.975110054016113281e-01
9.077599048614501953e-01
9.055637121200561523e-01
9.238653182983398438e-01
9.311859607696533203e-01
9.311859607696533203e-01
9.377745389938354492e-01
9.436310529708862305e-01
9.560761451721191406e-01
9.531478881835937500e-01
9.590044021606445312e-01
9.480234384536743164e-01
9.612005949020385742e-01
9.604685306549072266e-01
9.590044021606445312e-01
9.516837596893310547e-01
9.619326591491699219e-01
9.612005949020385742e-01
9.597364664077758789e-01
9.633967876434326172e-01
9.597364664077758789e-01
9.655929803848266602e-01
9.436310529708862305e-01
9.590044021606445312e-01
9.699853658676147461e-01
9.707174301147460938e-01
9.692533016204833984e-01
9.648609161376953125e-01
9.714494943618774414e-01
9.699853658676147461e-01
9.714494943618774414e-01
9.699853658676147461e-01
9.780380725860595703e-01
9.765739440917968750e-01
9.729136228561401367e-01
9.714494943618774414e-01
9.729136228561401367e-01
9.677891731262207031e-01
9.736456871032714844e-01
9.780380725860595703e-01
9.816983938217163086e-01
9.677891731262207031e-01
