4.916606247425079346e-01
5.192168354988098145e-01
5.155910253524780273e-01
5.264684557914733887e-01
5.242929458618164062e-01
5.474981665611267090e-01
5.605511069297790527e-01
5.547498464584350586e-01
5.881073474884033203e-01
5.699782371520996094e-01
5.881073474884033203e-01
6.055112481117248535e-01
6.316171288490295410e-01
6.635242700576782227e-01
7.208122014999389648e-01
6.983321309089660645e-01
7.063089013099670410e-01
8.346627950668334961e-01
8.078317642211914062e-01
8.114575743675231934e-01
8.745467662811279297e-01
8.542422056198120117e-01
8.295866847038269043e-01
8.803480863571166992e-01
8.868745565414428711e-01
8.723712563514709473e-01
8.941261768341064453e-01
8.716461062431335449e-01
8.730964660644531250e-01
8.941261768341064453e-01
9.369108080863952637e-01
9.325598478317260742e-01
9.137055873870849609e-01
8.564177155494689941e-01
9.187816977500915527e-01
9.463379383087158203e-01
9.448875784873962402e-01
9.448875784873962402e-01
9.137055873870849609e-01
8.941261768341064453e-01
9.390863180160522461e-01
9.586657285690307617e-01
9.586657285690307617e-01
9.543147087097167969e-01
9.354605078697204590e-01
9.195069074630737305e-01
9.253081679344177246e-01
9.238578677177429199e-01
9.260333776473999023e-01
9.434372782707214355e-01
