6.476945281028747559e-01
6.577810049057006836e-01
7.471181750297546387e-01
8.429394960403442383e-01
8.674351572990417480e-01
8.724783658981323242e-01
8.861671686172485352e-01
8.940922021865844727e-01
8.868876099586486816e-01
8.904899358749389648e-01
9.034582376480102539e-01
9.135446548461914062e-01
9.099423885345458984e-01
9.070605039596557617e-01
9.142651557922363281e-01
9.214697480201721191e-01
9.358789920806884766e-01
9.322766661643981934e-01
9.402016997337341309e-01
9.603746533393859863e-01
9.632564783096313477e-01
9.582132697105407715e-01
9.632564783096313477e-01
9.596541523933410645e-01
9.740633964538574219e-01
9.675792455673217773e-01
9.711815714836120605e-01
9.719020128250122070e-01
9.682996869087219238e-01
9.719020128250122070e-01
9.654178619384765625e-01
9.733429551124572754e-01
9.719020128250122070e-01
9.719020128250122070e-01
9.668588042259216309e-01
9.690201878547668457e-01
9.755043387413024902e-01
9.776657223701477051e-01
9.769452214241027832e-01
9.812679886817932129e-01
9.733429551124572754e-01
9.769452214241027832e-01
9.848703145980834961e-01
9.783861637115478516e-01
9.697406291961669922e-01
9.675792455673217773e-01
9.755043387413024902e-01
9.719020128250122070e-01
9.783861637115478516e-01
9.805475473403930664e-01
