6.105417013168334961e-01
6.185944080352783203e-01
7.225475907325744629e-01
8.140556216239929199e-01
8.513908982276916504e-01
8.784773349761962891e-01
8.682283759117126465e-01
8.799414634704589844e-01
9.070278406143188477e-01
8.901903629302978516e-01
9.048316478729248047e-01
9.238653182983398438e-01
9.275256395339965820e-01
9.267935752868652344e-01
9.319180250167846680e-01
9.245973825454711914e-01
9.304538965225219727e-01
9.165446758270263672e-01
9.407027959823608398e-01
9.428989887237548828e-01
9.414348602294921875e-01
9.509516954421997070e-01
9.626647233963012695e-01
9.677891731262207031e-01
9.633967876434326172e-01
9.648609161376953125e-01
9.604685306549072266e-01
9.465593099594116211e-01
9.480234384536743164e-01
9.699853658676147461e-01
9.677891731262207031e-01
9.648609161376953125e-01
9.707174301147460938e-01
9.648609161376953125e-01
9.743777513504028320e-01
9.736456871032714844e-01
9.633967876434326172e-01
9.721815586090087891e-01
9.780380725860595703e-01
9.743777513504028320e-01
9.626647233963012695e-01
9.692533016204833984e-01
9.699853658676147461e-01
9.692533016204833984e-01
9.751098155975341797e-01
9.780380725860595703e-01
9.787701368331909180e-01
9.626647233963012695e-01
9.765739440917968750e-01
9.707174301147460938e-01
