6.422872543334960938e-01
6.941489577293395996e-01
6.941489577293395996e-01
6.941489577293395996e-01
7.353723645210266113e-01
8.018617033958435059e-01
8.178191781044006348e-01
8.271276354789733887e-01
8.337765932083129883e-01
8.523936271667480469e-01
8.457446694374084473e-01
8.444148898124694824e-01
8.696808218955993652e-01
8.789893388748168945e-01
8.670212626457214355e-01
8.803191781044006348e-01
8.856382966041564941e-01
8.750000000000000000e-01
8.882978558540344238e-01
8.896276354789733887e-01
8.936170339584350586e-01
8.829787373542785645e-01
8.949468135833740234e-01
8.869680762290954590e-01
8.896276354789733887e-01
9.015957713127136230e-01
8.962765932083129883e-01
9.002659320831298828e-01
8.936170339584350586e-01
8.962765932083129883e-01
9.162234067916870117e-01
9.175531864166259766e-01
9.069148898124694824e-01
9.255319237709045410e-01
9.242021441459655762e-01
9.188829660415649414e-01
9.361702203750610352e-01
9.441489577293395996e-01
9.547872543334960938e-01
9.507978558540344238e-01
9.481382966041564941e-01
9.441489577293395996e-01
9.614361524581909180e-01
9.614361524581909180e-01
9.640957713127136230e-01
9.614361524581909180e-01
9.707446694374084473e-01
9.667553305625915527e-01
9.614361524581909180e-01
9.694148898124694824e-01
