6.107091307640075684e-01
6.425470113754272461e-01
6.931982636451721191e-01
8.096960783004760742e-01
8.581765294075012207e-01
8.769898414611816406e-01
8.668596148490905762e-01
8.885672688484191895e-01
8.849493265151977539e-01
8.849493265151977539e-01
8.892908692359924316e-01
8.979739546775817871e-01
8.950796127319335938e-01
9.015918970108032227e-01
9.023154973983764648e-01
9.153400659561157227e-01
9.392185211181640625e-01
9.493487477302551270e-01
9.515195488929748535e-01
9.573082327842712402e-01
9.536902904510498047e-01
9.623733758926391602e-01
9.580318331718444824e-01
9.761215448379516602e-01
9.674385190010070801e-01
9.558610916137695312e-01
9.609261751174926758e-01
9.782923460006713867e-01
9.710564613342285156e-01
9.746744036674499512e-01
9.761215448379516602e-01
9.717800021171569824e-01
9.732272028923034668e-01
9.739508032798767090e-01
9.725036025047302246e-01
9.674385190010070801e-01
9.638205766677856445e-01
9.797394871711730957e-01
9.753979444503784180e-01
9.804630875587463379e-01
9.746744036674499512e-01
9.804630875587463379e-01
9.746744036674499512e-01
9.848046302795410156e-01
9.725036025047302246e-01
9.717800021171569824e-01
9.797394871711730957e-01
9.782923460006713867e-01
9.833574295043945312e-01
9.811866879463195801e-01
