4.410919547080993652e-01
4.439655244350433350e-01
4.489942491054534912e-01
5.114942789077758789e-01
5.380747318267822266e-01
5.625000000000000000e-01
5.431034564971923828e-01
5.639367699623107910e-01
5.574712753295898438e-01
5.747126340866088867e-01
5.912356376647949219e-01
5.998563170433044434e-01
5.998563170433044434e-01
5.783045887947082520e-01
5.660919547080993652e-01
6.357758641242980957e-01
6.673850417137145996e-01
6.925287246704101562e-01
7.097701430320739746e-01
7.406609058380126953e-01
7.830459475517272949e-01
7.859195470809936523e-01
8.160919547080993652e-01
7.909482717514038086e-01
8.139367699623107910e-01
8.239942789077758789e-01
8.196839094161987305e-01
7.787356376647949219e-01
8.498563170433044434e-01
8.002873659133911133e-01
8.656609058380126953e-01
8.570402264595031738e-01
8.606321811676025391e-01
8.635057210922241211e-01
8.074712753295898438e-01
8.922413587570190430e-01
9.159482717514038086e-01
8.879310488700866699e-01
8.548850417137145996e-01
8.829023241996765137e-01
9.008620977401733398e-01
7.995689511299133301e-01
9.073275923728942871e-01
8.290230035781860352e-01
8.225574493408203125e-01
8.879310488700866699e-01
8.979884982109069824e-01
8.836206793785095215e-01
8.735632300376892090e-01
9.137930870056152344e-01
