5.973645448684692383e-01
6.185944080352783203e-01
7.122986912727355957e-01
7.928257584571838379e-01
8.433381915092468262e-01
8.550512194633483887e-01
8.631039261817932129e-01
8.806735277175903320e-01
9.011713266372680664e-01
9.026354551315307617e-01
9.136164188385009766e-01
9.245973825454711914e-01
8.887262344360351562e-01
9.253294467926025391e-01
9.377745389938354492e-01
9.392386674880981445e-01
9.355783462524414062e-01
9.392386674880981445e-01
9.450951814651489258e-01
9.560761451721191406e-01
9.553440809249877930e-01
9.633967876434326172e-01
9.560761451721191406e-01
9.648609161376953125e-01
9.531478881835937500e-01
9.692533016204833984e-01
9.633967876434326172e-01
9.633967876434326172e-01
9.677891731262207031e-01
9.641288518905639648e-01
9.641288518905639648e-01
9.707174301147460938e-01
9.743777513504028320e-01
9.743777513504028320e-01
9.736456871032714844e-01
9.516837596893310547e-01
9.524158239364624023e-01
9.699853658676147461e-01
9.699853658676147461e-01
9.692533016204833984e-01
9.721815586090087891e-01
9.648609161376953125e-01
9.619326591491699219e-01
9.677891731262207031e-01
9.773060083389282227e-01
9.692533016204833984e-01
9.721815586090087891e-01
9.736456871032714844e-01
9.736456871032714844e-01
9.692533016204833984e-01
