6.010248661041259766e-01
6.185944080352783203e-01
7.071742415428161621e-01
8.279648423194885254e-01
8.396778702735900879e-01
8.843338489532470703e-01
8.799414634704589844e-01
8.997071981430053711e-01
9.106881618499755859e-01
9.114202260971069336e-01
9.311859607696533203e-01
9.187408685684204102e-01
9.385066032409667969e-01
9.282577037811279297e-01
9.458272457122802734e-01
9.311859607696533203e-01
9.428989887237548828e-01
9.421669244766235352e-01
9.421669244766235352e-01
9.502196311950683594e-01
9.648609161376953125e-01
9.568082094192504883e-01
9.641288518905639648e-01
9.538799524307250977e-01
9.502196311950683594e-01
9.568082094192504883e-01
9.685212373733520508e-01
9.648609161376953125e-01
9.641288518905639648e-01
9.633967876434326172e-01
9.692533016204833984e-01
9.736456871032714844e-01
9.612005949020385742e-01
9.751098155975341797e-01
9.758418798446655273e-01
9.670571088790893555e-01
9.582723379135131836e-01
9.773060083389282227e-01
9.729136228561401367e-01
9.743777513504028320e-01
9.721815586090087891e-01
9.809663295745849609e-01
9.809663295745849609e-01
9.743777513504028320e-01
9.707174301147460938e-01
9.736456871032714844e-01
9.838945865631103516e-01
9.816983938217163086e-01
9.692533016204833984e-01
9.685212373733520508e-01
