4.273275284661754991e-01 8.632124352331606021e-01 7.732391677801107033e-01 0.000000000000000000e+00
4.306764902880106938e-01 8.628670120898100926e-01 7.722847871731246538e-01 0.000000000000000000e+00
4.340254521098459439e-01 8.607944732297064805e-01 7.747661767512884490e-01 0.000000000000000000e+00
4.313462826523777882e-01 8.632124352331606021e-01 7.698033975949608587e-01 0.000000000000000000e+00
4.306764902880106938e-01 8.611398963730569900e-01 7.720939110517274218e-01 0.000000000000000000e+00
4.360348292029470607e-01 8.601036269430051284e-01 7.722847871731246538e-01 0.000000000000000000e+00
4.306764902880106938e-01 8.583765112262522479e-01 7.732391677801107033e-01 0.000000000000000000e+00
4.306764902880106938e-01 8.601036269430051284e-01 7.705669020805496761e-01 0.000000000000000000e+00
4.293369055592766159e-01 8.590673575129533779e-01 7.701851498377553229e-01 0.000000000000000000e+00
4.266577361018084602e-01 8.587219343696027574e-01 7.688490169879748093e-01 0.000000000000000000e+00
4.286671131949095770e-01 8.583765112262522479e-01 7.675128841381942957e-01 0.000000000000000000e+00
4.266577361018084602e-01 8.559585492227980152e-01 7.698033975949608587e-01 0.000000000000000000e+00
4.300066979236436548e-01 8.563039723661485247e-01 7.686581408665776882e-01 0.000000000000000000e+00
4.306764902880106938e-01 8.559585492227980152e-01 7.675128841381942957e-01 0.000000000000000000e+00
4.293369055592766159e-01 8.563039723661485247e-01 7.656041229242221968e-01 0.000000000000000000e+00
4.266577361018084602e-01 8.542314335060449126e-01 7.675128841381942957e-01 0.000000000000000000e+00
4.259879437374413658e-01 8.538860103626942921e-01 7.661767512884137821e-01 0.000000000000000000e+00
4.273275284661754991e-01 8.538860103626942921e-01 7.657949990456193179e-01 0.000000000000000000e+00
4.300066979236436548e-01 8.525043177892919211e-01 7.667493796526054783e-01 0.000000000000000000e+00
4.286671131949095770e-01 8.531951640759930511e-01 7.631227333460582907e-01 0.000000000000000000e+00
4.266577361018084602e-01 8.493955094991364474e-01 7.652223706814278437e-01 0.000000000000000000e+00
4.219691895512391322e-01 8.490500863557858269e-01 7.654132468028249647e-01 0.000000000000000000e+00
4.233087742799732101e-01 8.497409326424870679e-01 7.633136094674556338e-01 0.000000000000000000e+00
4.239785666443402490e-01 8.514680483592400595e-01 7.614048482534835349e-01 0.000000000000000000e+00
4.259879437374413658e-01 8.476683937823834558e-01 7.627409811032639375e-01 0.000000000000000000e+00
4.246483590087072879e-01 8.466321243523317053e-01 7.640771139530444511e-01 0.000000000000000000e+00
4.212993971868720933e-01 8.459412780656303532e-01 7.644588661958388043e-01 0.000000000000000000e+00
4.259879437374413658e-01 8.469775474956822148e-01 7.623592288604694733e-01 0.000000000000000000e+00
4.279973208305425381e-01 8.452504317789292232e-01 7.636953617102499869e-01 0.000000000000000000e+00
4.239785666443402490e-01 8.442141623488774727e-01 7.636953617102499869e-01 0.000000000000000000e+00
4.219691895512391322e-01 8.452504317789292232e-01 7.619774766176751202e-01 0.000000000000000000e+00
4.199598124581379599e-01 8.445595854922279822e-01 7.625501049818668164e-01 0.000000000000000000e+00
4.253181513730743268e-01 8.431778929188256111e-01 7.623592288604694733e-01 0.000000000000000000e+00
4.266577361018084602e-01 8.431778929188256111e-01 7.619774766176751202e-01 0.000000000000000000e+00
4.259879437374413658e-01 8.431778929188256111e-01 7.606413437678946066e-01 0.000000000000000000e+00
4.253181513730743268e-01 8.400690846286701374e-01 7.627409811032639375e-01 0.000000000000000000e+00
4.273275284661754991e-01 8.417962003454232400e-01 7.614048482534835349e-01 0.000000000000000000e+00
4.279973208305425381e-01 8.400690846286701374e-01 7.598778392823057892e-01 0.000000000000000000e+00
4.253181513730743268e-01 8.407599309153713785e-01 7.602595915251001424e-01 0.000000000000000000e+00
4.253181513730743268e-01 8.411053540587219990e-01 7.587325825539225077e-01 0.000000000000000000e+00
4.259879437374413658e-01 8.376511226252159048e-01 7.606413437678946066e-01 0.000000000000000000e+00
4.233087742799732101e-01 8.376511226252159048e-01 7.594960870395113250e-01 0.000000000000000000e+00
4.219691895512391322e-01 8.376511226252159048e-01 7.602595915251001424e-01 0.000000000000000000e+00
4.246483590087072879e-01 8.362694300518135337e-01 7.583508303111280435e-01 0.000000000000000000e+00
4.219691895512391322e-01 8.373056994818652843e-01 7.591143347967169719e-01 0.000000000000000000e+00
4.219691895512391322e-01 8.355785837651122927e-01 7.566329452185531768e-01 0.000000000000000000e+00
4.226389819156061711e-01 8.341968911917098106e-01 7.587325825539225077e-01 0.000000000000000000e+00
4.159410582719357263e-01 8.348877374784111627e-01 7.554876884901697842e-01 0.000000000000000000e+00
4.146014735432015930e-01 8.341968911917098106e-01 7.558694407329643594e-01 0.000000000000000000e+00
4.139316811788345540e-01 8.317789291882555780e-01 7.573964497041419941e-01 0.000000000000000000e+00
4.172806430006698042e-01 8.328151986183074396e-01 7.558694407329643594e-01 0.000000000000000000e+00
4.146014735432015930e-01 8.317789291882555780e-01 7.552968123687726631e-01 0.000000000000000000e+00
4.139316811788345540e-01 8.328151986183074396e-01 7.541515556403893816e-01 0.000000000000000000e+00
4.152712659075686319e-01 8.300518134715026974e-01 7.554876884901697842e-01 0.000000000000000000e+00
4.159410582719357263e-01 8.290155440414508359e-01 7.551059362473755421e-01 0.000000000000000000e+00
4.112525117213663983e-01 8.293609671848014564e-01 7.545333078831838458e-01 0.000000000000000000e+00
4.079035498995311482e-01 8.276338514680483538e-01 7.547241840045809669e-01 0.000000000000000000e+00
4.092431346282652260e-01 8.293609671848014564e-01 7.535789272761976854e-01 0.000000000000000000e+00
4.072337575351641092e-01 8.196891191709845259e-01 7.644588661958388043e-01 0.000000000000000000e+00
4.266577361018084602e-01 8.549222797927461537e-01 7.434624928421454948e-01 0.000000000000000000e+00
4.326858673811118661e-01 8.469775474956822148e-01 7.470891391486924604e-01 0.000000000000000000e+00
4.239785666443402490e-01 8.455958549222798437e-01 7.463256346631036431e-01 0.000000000000000000e+00
4.286671131949095770e-01 8.452504317789292232e-01 7.480435197556785099e-01 0.000000000000000000e+00
4.266577361018084602e-01 8.397236614853195169e-01 7.531971750334033322e-01 0.000000000000000000e+00
4.306764902880106938e-01 8.421416234887737495e-01 7.514792899408283544e-01 0.000000000000000000e+00
4.367046215673141552e-01 8.417962003454232400e-01 7.489979003626646703e-01 0.000000000000000000e+00
4.413931681178834832e-01 8.417962003454232400e-01 7.474708913914868136e-01 0.000000000000000000e+00
4.440723375753516389e-01 8.397236614853195169e-01 7.476617675128841567e-01 0.000000000000000000e+00
4.427327528466175610e-01 8.366148531951640432e-01 7.507157854552395371e-01 0.000000000000000000e+00
4.494306764902880058e-01 8.376511226252159048e-01 7.579690780683336904e-01 0.000000000000000000e+00
4.440723375753516389e-01 8.328151986183074396e-01 7.516701660622256975e-01 0.000000000000000000e+00
4.400535833891493498e-01 8.328151986183074396e-01 7.503340332124451839e-01 0.000000000000000000e+00
4.387139986604152719e-01 8.338514680483593011e-01 7.495705287268563666e-01 0.000000000000000000e+00
4.320160750167448271e-01 8.307426597582038275e-01 7.505249093338423050e-01 0.000000000000000000e+00
4.346952444742129829e-01 8.259067357512953622e-01 7.575873258255392262e-01 0.000000000000000000e+00
4.353650368385800218e-01 8.234887737478411296e-01 7.585417064325252756e-01 0.000000000000000000e+00
4.253181513730743268e-01 8.352331606217616722e-01 7.554876884901697842e-01 0.000000000000000000e+00
4.387139986604152719e-01 8.452504317789292232e-01 7.465165107845008752e-01 2.608695652173912971e-01
4.413931681178834832e-01 8.452504317789292232e-01 7.426989883565565664e-01 0.000000000000000000e+00
4.427327528466175610e-01 8.431778929188256111e-01 7.463256346631036431e-01 4.347826086956521618e-02
4.440723375753516389e-01 8.407599309153713785e-01 7.486161481198702061e-01 4.782608695652174058e-01
4.534494306764902949e-01 8.362694300518135337e-01 7.537698033975950285e-01 4.347826086956521618e-01
4.889484259879437467e-01 8.397236614853195169e-01 7.575873258255392262e-01 5.652173913043477826e-01
4.641661085063630288e-01 8.366148531951640432e-01 7.575873258255392262e-01 6.956521739130434590e-01
4.681848626925653178e-01 8.376511226252159048e-01 7.579690780683336904e-01 4.347826086956521618e-02
4.628265237776289509e-01 8.338514680483593011e-01 7.606413437678946066e-01 2.608695652173912971e-01
4.695244474212993957e-01 8.348877374784111627e-01 7.648406184386333795e-01 0.000000000000000000e+00
4.534494306764902949e-01 8.390328151986182759e-01 7.575873258255392262e-01 1.304347826086956486e-01
4.320160750167448271e-01 8.362694300518135337e-01 7.720939110517274218e-01 8.695652173913043237e-02
4.353650368385800218e-01 8.355785837651122927e-01 7.692307692307691624e-01 2.608695652173912971e-01
4.474212993971868890e-01 8.397236614853195169e-01 7.772475663294521331e-01 7.826086956521739468e-01
5.284661754855994875e-01 8.424870466321243700e-01 7.970986829547622721e-01 4.782608695652174058e-01
4.487608841259209669e-01 8.376511226252159048e-01 7.785836991792326467e-01 1.739130434782608647e-01
4.561286001339584506e-01 8.376511226252159048e-01 7.793472036648214640e-01 1.304347826086956486e-01
4.521098459477562170e-01 8.362694300518135337e-01 7.829738499713686517e-01 4.347826086956521618e-02
4.514400535833891226e-01 8.373056994818652843e-01 7.806833365146019776e-01 2.608695652173912971e-01
4.427327528466175610e-01 8.376511226252159048e-01 7.774384424508493652e-01 1.739130434782608647e-01
4.353650368385800218e-01 8.376511226252159048e-01 7.759114334796716195e-01 5.217391304347825942e-01
4.380442062960482330e-01 8.376511226252159048e-01 7.759114334796716195e-01 2.173913043478260809e-01
4.373744139316811941e-01 8.366148531951640432e-01 7.749570528726856811e-01 5.217391304347825942e-01
4.521098459477562170e-01 8.373056994818652843e-01 7.923267799198320249e-01 6.086956521739130821e-01
4.534494306764902949e-01 8.341968911917098106e-01 7.928994082840236102e-01 6.521739130434782705e-01
4.367046215673141552e-01 8.341968911917098106e-01 7.934720366482153064e-01 4.347826086956521618e-02
4.514400535833891226e-01 8.362694300518135337e-01 7.907997709486542792e-01 2.173913043478260809e-01
3.784326858673811023e-01 8.373056994818652843e-01 7.707577782019470192e-01 3.478260869565217295e-01
4.065639651707970703e-01 8.300518134715026974e-01 7.862187440351211531e-01 0.000000000000000000e+00
4.192900200937709210e-01 8.373056994818652843e-01 7.772475663294521331e-01 0.000000000000000000e+00
4.112525117213663983e-01 8.314335060449050685e-01 7.768658140866577799e-01 0.000000000000000000e+00
4.146014735432015930e-01 8.328151986183074396e-01 7.795380797862188071e-01 0.000000000000000000e+00
4.179504353650368431e-01 8.341968911917098106e-01 7.736209200229051675e-01 0.000000000000000000e+00
4.052243804420629369e-01 8.338514680483593011e-01 7.709486543233441402e-01 0.000000000000000000e+00
3.978566644340254532e-01 8.417962003454232400e-01 7.610230960106889597e-01 0.000000000000000000e+00
3.985264567983924922e-01 8.504317789291883090e-01 7.507157854552395371e-01 0.000000000000000000e+00
3.985264567983924922e-01 8.566493955094991453e-01 7.419354838709676381e-01 0.000000000000000000e+00
3.945077026121902031e-01 8.607944732297064805e-01 7.356365718648596452e-01 0.000000000000000000e+00
3.878097789685197583e-01 8.656303972366148347e-01 7.289559076159571882e-01 0.000000000000000000e+00
3.844608171466845081e-01 8.666666666666666963e-01 7.257110135522046868e-01 0.000000000000000000e+00
3.858004018754186415e-01 8.701208981001727905e-01 7.215117388814659138e-01 0.000000000000000000e+00
3.884795713328867972e-01 8.728842832469775326e-01 7.163580836037412025e-01 0.000000000000000000e+00
3.784326858673811023e-01 8.777202072538859978e-01 7.112044283260163802e-01 0.000000000000000000e+00
3.744139316811788132e-01 8.787564766839378594e-01 7.096774193548387455e-01 0.000000000000000000e+00
3.710649698593436185e-01 8.801381692573402304e-01 7.066234014124833651e-01 0.000000000000000000e+00
3.717347622237106575e-01 8.815198618307427125e-01 7.022332506203473601e-01 0.000000000000000000e+00
3.677160080375083684e-01 8.822107081174438425e-01 6.995609849207863329e-01 0.000000000000000000e+00
3.630274614869390404e-01 8.856649395509499367e-01 6.978430998282115771e-01 1.304347826086956486e-01
3.784326858673811023e-01 8.939550949913643851e-01 6.968887192212254167e-01 8.695652173913043237e-02
3.837910247823174692e-01 8.987910189982728504e-01 6.940255774002671574e-01 1.304347826086956486e-01
3.824514400535833913e-01 9.036269430051814266e-01 6.850543996945982483e-01 8.695652173913043237e-02
3.837910247823174692e-01 9.081174438687391604e-01 6.774193548387097419e-01 0.000000000000000000e+00
3.784326858673811023e-01 9.119170984455958751e-01 6.688299293758350750e-01 0.000000000000000000e+00
3.737441393168117743e-01 9.129533678756476256e-01 6.560412292422217462e-01 0.000000000000000000e+00
3.677160080375083684e-01 9.167530224525043403e-01 6.590952471845772376e-01 0.000000000000000000e+00
3.496316141995981508e-01 9.233160621761657971e-01 6.447795380797862741e-01 0.000000000000000000e+00
3.395847287340924558e-01 9.281519861830743734e-01 6.266463065470508909e-01 0.000000000000000000e+00
3.308774279973208388e-01 9.316062176165802455e-01 6.222561557549151079e-01 0.000000000000000000e+00
3.221701272605492217e-01 9.316062176165802455e-01 6.230196602405039252e-01 0.000000000000000000e+00
3.281982585398526275e-01 9.374784110535406834e-01 6.192021378125596165e-01 0.000000000000000000e+00
3.228399196249162606e-01 9.423143350604491486e-01 6.153846153846154188e-01 0.000000000000000000e+00
3.275284661754855886e-01 9.464594127806562618e-01 6.108035884710822927e-01 0.000000000000000000e+00
3.241795043536503940e-01 9.457685664939551318e-01 6.037411719793853715e-01 1.304347826086956486e-01
3.194909578030810660e-01 9.506044905008635970e-01 6.001145256728382948e-01 4.347826086956521618e-02
3.127930341594105657e-01 9.575129533678756744e-01 5.940064897881275341e-01 0.000000000000000000e+00
3.181513730743469326e-01 9.571675302245250538e-01 5.997327734300439417e-01 0.000000000000000000e+00
3.148024112525117379e-01 9.588946459412781564e-01 5.974422599732773786e-01 0.000000000000000000e+00
3.215003348961821827e-01 9.637305699481865107e-01 5.987783928230578923e-01 0.000000000000000000e+00
3.174815807099798937e-01 9.647668393782383722e-01 5.920977285741553242e-01 0.000000000000000000e+00
3.181513730743469326e-01 9.692573402417962170e-01 5.886619583890054797e-01 0.000000000000000000e+00
3.235097119892832995e-01 9.723661485319515796e-01 5.838900553540752325e-01 4.347826086956521618e-01
3.221701272605492217e-01 9.747841105354058122e-01 5.804542851689253879e-01 2.608695652173912971e-01
3.248492967180174329e-01 9.765112262521589148e-01 5.823630463828974868e-01 2.173913043478260809e-01
3.288680509042196665e-01 9.810017271157167595e-01 5.758732582553922619e-01 8.695652173913043237e-02
3.235097119892832995e-01 9.834196891191709922e-01 5.640389387287650935e-01 4.347826086956521618e-02
3.583389149363697124e-01 9.858376511226252248e-01 5.586944073296430391e-01 0.000000000000000000e+00
3.429336905559276505e-01 9.830742659758204827e-01 5.615575491506012984e-01 0.000000000000000000e+00
3.476222371064969785e-01 9.851468048359239837e-01 5.565947699942737081e-01 0.000000000000000000e+00
3.583389149363697124e-01 9.868739205526770863e-01 5.606031685436152490e-01 0.000000000000000000e+00
3.717347622237106575e-01 9.903281519861831805e-01 5.569765222370681723e-01 0.000000000000000000e+00
3.462826523777629006e-01 9.879101899827289479e-01 5.588852834510402712e-01 0.000000000000000000e+00
3.342263898191560889e-01 9.941278065630397842e-01 5.460965833174269424e-01 8.695652173913043237e-02
3.215003348961821827e-01 9.944732297063902937e-01 5.411338041610994631e-01 1.304347826086956486e-01
3.161419959812458158e-01 9.930915371329879227e-01 5.375071578545523865e-01 1.739130434782608647e-01
3.168117883456128547e-01 9.951640759930915348e-01 5.270089711777056207e-01 2.608695652173912971e-01
3.114534494306764878e-01 9.955094991364421553e-01 5.329261309410192604e-01 2.173913043478260809e-01
3.101138647019424099e-01 9.955094991364421553e-01 5.336896354266081888e-01 4.347826086956521618e-02
3.161419959812458158e-01 9.962003454231433963e-01 5.249093338423362898e-01 4.347826086956521618e-02
3.148024112525117379e-01 9.962003454231433963e-01 5.191830502004198822e-01 1.739130434782608647e-01
3.529805760214333454e-01 9.962003454231433963e-01 5.132658904371063535e-01 4.347826086956521618e-02
4.099129269926322650e-01 9.996545768566494905e-01 5.403702996755105348e-01 3.478260869565217295e-01
4.320160750167448271e-01 9.972366148531952579e-01 5.520137430807405821e-01 3.043478260869565410e-01
4.058941728064300314e-01 1.000000000000000000e+00 5.235732009925557762e-01 3.913043478260869734e-01
3.168117883456128547e-01 1.000000000000000000e+00 4.928421454476045183e-01 4.347826086956521618e-01
3.074346952444741987e-01 9.996545768566494905e-01 4.853979767131131884e-01 1.304347826086956486e-01
2.960482250502344259e-01 9.979274611398963879e-01 4.682191257873640211e-01 8.695652173913043237e-02
2.846617548559946531e-01 9.944732297063902937e-01 4.691735063943500150e-01 4.347826086956521618e-01
3.516409912926992676e-01 9.834196891191709922e-01 4.722275243367054509e-01 2.608695652173912971e-01
4.909578030810448634e-01 9.775474956822107764e-01 4.991410574537125111e-01 6.086956521739130821e-01
4.849296718017414576e-01 9.913644214162349311e-01 4.955144111471654900e-01 3.913043478260869734e-01
4.199598124581379599e-01 9.917098445595855516e-01 4.901698797480434910e-01 8.695652173913043237e-02
4.279973208305425381e-01 9.962003454231433963e-01 4.934147738117961590e-01 0.000000000000000000e+00
4.052243804420629369e-01 9.972366148531952579e-01 4.834892154991410340e-01 4.782608695652174058e-01
3.496316141995981508e-01 9.941278065630397842e-01 4.775720557358274498e-01 8.695652173913043237e-02
3.215003348961821827e-01 9.941278065630397842e-01 4.722275243367054509e-01 5.217391304347825942e-01
3.181513730743469326e-01 9.937823834196891637e-01 4.680282496659667890e-01 0.000000000000000000e+00
3.054253181513730819e-01 9.955094991364421553e-01 4.611567092956670999e-01 6.521739130434782705e-01
2.940388479571333091e-01 9.944732297063902937e-01 4.540942928039701787e-01 9.565217391304348116e-01
2.906898861352980590e-01 9.882556131260794574e-01 4.531399121969841293e-01 3.478260869565217295e-01
2.880107166778298478e-01 9.892918825561313190e-01 4.537125405611757700e-01 1.739130434782608647e-01
2.933690555927662702e-01 9.858376511226252248e-01 4.533307883183813614e-01 0.000000000000000000e+00
2.960482250502344259e-01 9.834196891191709922e-01 4.542851689253674663e-01 0.000000000000000000e+00
2.953784326858673870e-01 9.799654576856650090e-01 4.569574346249284380e-01 0.000000000000000000e+00
2.960482250502344259e-01 9.761658031088084053e-01 4.550486734109562836e-01 3.043478260869565410e-01
3.034159410582719096e-01 9.751295336787565438e-01 4.571483107463256146e-01 5.217391304347825942e-01
3.148024112525117379e-01 9.692573402417962170e-01 4.504676464974232131e-01 3.913043478260869734e-01
3.188211654387139715e-01 9.647668393782383722e-01 4.542851689253674663e-01 1.000000000000000000e+00
2.987273945077026371e-01 9.585492227979275359e-01 4.540942928039701787e-01 5.652173913043477826e-01
2.860013395847287310e-01 9.519861830742659681e-01 4.569574346249284380e-01 7.826086956521739468e-01
2.819825853985264419e-01 9.464594127806562618e-01 4.630654705096392543e-01 2.173913043478260809e-01
2.826523777628934808e-01 9.388601036269430544e-01 4.651651078450085852e-01 4.782608695652174058e-01
2.900200937709310200e-01 9.360967184801382013e-01 4.705096392441305286e-01 4.782608695652174058e-01
2.947086403215003481e-01 9.309153713298791155e-01 4.756632945218553510e-01 0.000000000000000000e+00
3.000669792364367150e-01 9.302245250431778745e-01 4.802443214353884215e-01 0.000000000000000000e+00
3.054253181513730819e-01 9.243523316062176587e-01 4.817713304065661117e-01 0.000000000000000000e+00
3.027461486939048707e-01 9.198618307426597029e-01 4.888337468982630329e-01 0.000000000000000000e+00
3.000669792364367150e-01 9.174438687392054703e-01 4.857797289559075971e-01 0.000000000000000000e+00
3.040857334226390041e-01 9.129533678756476256e-01 4.926512693262072862e-01 0.000000000000000000e+00
3.000669792364367150e-01 9.188255613126080634e-01 4.941782782973849764e-01 2.173913043478260809e-01
3.107836570663094489e-01 9.195164075993091934e-01 4.981866768467265172e-01 5.217391304347825942e-01
3.127930341594105657e-01 9.174438687392054703e-01 5.046764649742317976e-01 1.739130434782608647e-01
3.027461486939048707e-01 9.167530224525043403e-01 5.092574918877648127e-01 8.260869565217391353e-01
2.967180174146014648e-01 9.143350604490501077e-01 5.132658904371063535e-01 3.913043478260869734e-01
2.947086403215003481e-01 9.132987910189983571e-01 5.155564038938729166e-01 1.739130434782608647e-01
2.953784326858673870e-01 9.105354058721933930e-01 5.216644397785836773e-01 4.347826086956521618e-02
2.953784326858673870e-01 9.018998272884283240e-01 5.369345294903606902e-01 8.695652173913043237e-02
2.987273945077026371e-01 9.018998272884283240e-01 5.361710250047718729e-01 4.347826086956521618e-02
3.054253181513730819e-01 9.046632124352331772e-01 5.413246802824966952e-01 8.695652173913043237e-02
3.141326188881446990e-01 9.046632124352331772e-01 5.401794235541134137e-01 4.782608695652174058e-01
3.248492967180174329e-01 9.036269430051814266e-01 5.422790608894827447e-01 5.217391304347825942e-01
3.556597454789015567e-01 9.043177892918825567e-01 5.453330788318381250e-01 4.347826086956521618e-02
3.569993302076356345e-01 9.036269430051814266e-01 5.501049818667684832e-01 0.000000000000000000e+00
3.529805760214333454e-01 9.022452504317789446e-01 5.600305401794235527e-01 0.000000000000000000e+00
3.549899531145345177e-01 9.025906735751295651e-01 5.606031685436152490e-01 4.347826086956521618e-02
3.683858004018754073e-01 9.022452504317789446e-01 5.682382133995037554e-01 4.347826086956521618e-02
3.596784996651037902e-01 9.022452504317789446e-01 5.730101164344340026e-01 0.000000000000000000e+00
3.623576691225720015e-01 9.018998272884283240e-01 5.768276388623783113e-01 0.000000000000000000e+00
3.670462156731413295e-01 9.008635578583764625e-01 5.840809314754724646e-01 0.000000000000000000e+00
3.643670462156731182e-01 8.998272884283247119e-01 5.852261882038557461e-01 0.000000000000000000e+00
3.610180843938379236e-01 9.001727115716753325e-01 5.877075777820194302e-01 0.000000000000000000e+00
3.569993302076356345e-01 8.998272884283247119e-01 5.898072151173887612e-01 0.000000000000000000e+00
3.549899531145345177e-01 8.974093264248704793e-01 5.913342240885665069e-01 4.347826086956521618e-02
3.496316141995981508e-01 8.967184801381693493e-01 5.941973659095246552e-01 1.304347826086956486e-01
3.576691225720026734e-01 8.956822107081174877e-01 6.016415346440160405e-01 0.000000000000000000e+00
3.596784996651037902e-01 8.956822107081174877e-01 6.067951899217407519e-01 0.000000000000000000e+00
3.543201607501674233e-01 8.949913644214162467e-01 6.081313227715212655e-01 0.000000000000000000e+00
3.590087073007367513e-01 8.925734024179620141e-01 6.134758541706432089e-01 0.000000000000000000e+00
3.476222371064969785e-01 8.894645941278065404e-01 6.174842527199847497e-01 4.347826086956521618e-02
3.409243134628265337e-01 8.915371329879101525e-01 6.182477572055735671e-01 1.304347826086956486e-01
3.462826523777629006e-01 8.905008635578584020e-01 6.209200229051345943e-01 0.000000000000000000e+00
3.449430676490288228e-01 8.891191709844559199e-01 6.209200229051345943e-01 0.000000000000000000e+00
3.523107836570663065e-01 8.891191709844559199e-01 6.262645543042565377e-01 0.000000000000000000e+00
3.523107836570663065e-01 8.880829015544041694e-01 6.247375453330787920e-01 0.000000000000000000e+00
3.529805760214333454e-01 8.856649395509499367e-01 6.272189349112425871e-01 0.000000000000000000e+00
3.449430676490288228e-01 8.870466321243523078e-01 6.249284214544760241e-01 0.000000000000000000e+00
3.549899531145345177e-01 8.877374784110535488e-01 6.276006871540370513e-01 0.000000000000000000e+00
3.529805760214333454e-01 8.870466321243523078e-01 6.297003244894063823e-01 0.000000000000000000e+00
3.583389149363697124e-01 8.894645941278065404e-01 6.293185722466119181e-01 0.000000000000000000e+00
3.616878767582049625e-01 8.870466321243523078e-01 6.459247948081695556e-01 0.000000000000000000e+00
3.703951774949765796e-01 8.880829015544041694e-01 6.476426799007444224e-01 0.000000000000000000e+00
3.770931011386470244e-01 8.867012089810017983e-01 6.648215308264935341e-01 0.000000000000000000e+00
3.770931011386470244e-01 8.870466321243523078e-01 6.592861233059743586e-01 1.739130434782608647e-01
4.092431346282652260e-01 8.860103626943004462e-01 6.734109562893682011e-01 0.000000000000000000e+00
4.822505023442733019e-01 8.884283246977546789e-01 6.829547623592289174e-01 0.000000000000000000e+00
4.943067649028801136e-01 8.901554404145077815e-01 7.297194121015460055e-01 0.000000000000000000e+00
4.588077695914266618e-01 8.911917098445596430e-01 6.938347012788700363e-01 4.347826086956521618e-02
5.043536503683857530e-01 8.929188255613126346e-01 7.100591715976332097e-01 3.478260869565217295e-01
5.284661754855994875e-01 8.925734024179620141e-01 7.060507730482916688e-01 2.173913043478260809e-01
4.902880107166778245e-01 8.936096718480138756e-01 7.047146401985111552e-01 0.000000000000000000e+00
5.559276624246483056e-01 8.943005181347151167e-01 7.087230387478526961e-01 4.347826086956521618e-02
6.349631614199597873e-01 8.977547495682209888e-01 7.079595342622638787e-01 1.304347826086956486e-01
7.394507702612189703e-01 9.025906735751295651e-01 7.165489597251383236e-01 3.913043478260869734e-01
7.970529135967849843e-01 9.056994818652849277e-01 7.677037602595915278e-01 9.130434782608695121e-01
8.359008707300736862e-01 9.081174438687391604e-01 7.953807978621875163e-01 6.521739130434782705e-01
1.000000000000000000e+00 9.160621761658030993e-01 1.000000000000000000e+00 3.043478260869565410e-01
9.711989283322169930e-01 9.202072538860104345e-01 8.961633899599160680e-01 1.739130434782608647e-01
9.015405224380441673e-01 9.177892918825562019e-01 8.944455048673410902e-01 3.913043478260869734e-01
8.379102478231748030e-01 9.139896373056994872e-01 8.763122733346058180e-01 1.304347826086956486e-01
8.566644340254521151e-01 9.143350604490501077e-01 8.749761404848254154e-01 5.217391304347825942e-01
8.158070997990622963e-01 9.174438687392054703e-01 8.658140866577590522e-01 0.000000000000000000e+00
8.298727394507702249e-01 9.177892918825562019e-01 8.744035121206337191e-01 0.000000000000000000e+00
8.131279303415941406e-01 9.208981001727115645e-01 8.927276197747662234e-01 4.347826086956521618e-02
8.218352310783657577e-01 9.222797927461139356e-01 8.946363809887382113e-01 1.304347826086956486e-01
7.736101808439383998e-01 9.222797927461139356e-01 8.700133613284977141e-01 0.000000000000000000e+00
7.488278633623576264e-01 9.188255613126080634e-01 8.469173506394349626e-01 0.000000000000000000e+00
7.126590756865371912e-01 9.195164075993091934e-01 8.352739072342049154e-01 0.000000000000000000e+00
6.617548559946416775e-01 9.160621761658030993e-01 8.020614621110899733e-01 0.000000000000000000e+00
6.282652377762893980e-01 9.167530224525043403e-01 7.829738499713686517e-01 4.347826086956521618e-02
6.081714668452780082e-01 9.160621761658030993e-01 7.692307692307691624e-01 0.000000000000000000e+00
5.807099799062290790e-01 9.139896373056994872e-01 7.627409811032639375e-01 0.000000000000000000e+00
5.693235097119893062e-01 9.126079447322971161e-01 7.650314945600305006e-01 0.000000000000000000e+00
5.378432685867381435e-01 9.094991364421415314e-01 7.671311318953998315e-01 0.000000000000000000e+00
5.123911587407903312e-01 9.067357512953367893e-01 7.615957243748806560e-01 0.000000000000000000e+00
5.110515740120562533e-01 9.077720207253886509e-01 7.554876884901697842e-01 0.000000000000000000e+00
4.922973878097789413e-01 9.060449050086356593e-01 7.480435197556785099e-01 0.000000000000000000e+00
4.896182183523107856e-01 9.053540587219344182e-01 7.425081122351593343e-01 0.000000000000000000e+00
4.722036168787676069e-01 9.025906735751295651e-01 7.392632181714067219e-01 0.000000000000000000e+00
4.541192230408573338e-01 9.018998272884283240e-01 7.343004390150791316e-01 0.000000000000000000e+00
4.507702612190220837e-01 8.974093264248704793e-01 7.287650314945600671e-01 0.000000000000000000e+00
4.387139986604152719e-01 8.984455958549223409e-01 7.297194121015460055e-01 0.000000000000000000e+00
4.367046215673141552e-01 8.956822107081174877e-01 7.213208627600686818e-01 0.000000000000000000e+00
4.313462826523777882e-01 8.936096718480138756e-01 7.228478717312463164e-01 0.000000000000000000e+00
4.259879437374413658e-01 8.939550949913643851e-01 7.197938537888910471e-01 0.000000000000000000e+00
4.192900200937709210e-01 8.918825561312607730e-01 7.239931284596297090e-01 0.000000000000000000e+00
4.125920964501004762e-01 8.891191709844559199e-01 7.157854552395495062e-01 0.000000000000000000e+00
4.065639651707970703e-01 8.884283246977546789e-01 7.142584462683718716e-01 0.000000000000000000e+00
4.012056262558607034e-01 8.870466321243523078e-01 7.125405611757968938e-01 0.000000000000000000e+00
3.911587407903550084e-01 8.842832469775475657e-01 7.119679328116051975e-01 0.000000000000000000e+00
3.878097789685197583e-01 8.835924006908462136e-01 7.089139148692498171e-01 0.000000000000000000e+00
3.784326858673811023e-01 8.835924006908462136e-01 7.073869058980721825e-01 0.000000000000000000e+00
