3.206106870229007422e-01 0.000000000000000000e+00 2.000000000000000000e+00
3.198473282442748089e-01 0.000000000000000000e+00 2.000000000000000000e+00
3.221374045801526642e-01 0.000000000000000000e+00 2.000000000000000000e+00
3.198473282442748089e-01 0.000000000000000000e+00 2.000000000000000000e+00
3.229007633587786530e-01 0.000000000000000000e+00 2.000000000000000000e+00
3.190839694656488756e-01 0.000000000000000000e+00 2.000000000000000000e+00
3.183206106870228869e-01 0.000000000000000000e+00 2.000000000000000000e+00
3.206106870229007422e-01 0.000000000000000000e+00 2.000000000000000000e+00
3.206106870229007422e-01 0.000000000000000000e+00 2.000000000000000000e+00
3.183206106870228869e-01 0.000000000000000000e+00 2.000000000000000000e+00
3.160305343511450316e-01 0.000000000000000000e+00 2.000000000000000000e+00
3.160305343511450316e-01 0.000000000000000000e+00 2.000000000000000000e+00
3.152671755725190983e-01 0.000000000000000000e+00 2.000000000000000000e+00
3.152671755725190983e-01 0.000000000000000000e+00 2.000000000000000000e+00
3.167938931297709648e-01 0.000000000000000000e+00 2.000000000000000000e+00
3.206106870229007422e-01 5.263157894736841813e-02 2.000000000000000000e+00
3.183206106870228869e-01 0.000000000000000000e+00 2.000000000000000000e+00
3.213740458015267309e-01 0.000000000000000000e+00 2.000000000000000000e+00
3.236641221374045863e-01 0.000000000000000000e+00 2.000000000000000000e+00
3.236641221374045863e-01 0.000000000000000000e+00 2.000000000000000000e+00
3.198473282442748089e-01 0.000000000000000000e+00 2.000000000000000000e+00
3.221374045801526642e-01 0.000000000000000000e+00 2.000000000000000000e+00
3.213740458015267309e-01 0.000000000000000000e+00 2.000000000000000000e+00
3.190839694656488756e-01 0.000000000000000000e+00 2.000000000000000000e+00
3.206106870229007422e-01 0.000000000000000000e+00 2.000000000000000000e+00
3.992366412213740334e-01 0.000000000000000000e+00 0.000000000000000000e+00
4.190839694656488534e-01 5.263157894736841813e-02 0.000000000000000000e+00
1.000000000000000000e+00 5.263157894736841813e-02 0.000000000000000000e+00
3.557251908396946716e-01 3.684210526315789269e-01 3.000000000000000000e+00
3.641221374045801595e-01 4.736842105263157632e-01 3.000000000000000000e+00
3.824427480916030575e-01 3.684210526315789269e-01 3.000000000000000000e+00
3.832061068702289908e-01 6.315789473684210176e-01 1.000000000000000000e+00
3.793893129770992134e-01 6.842105263157894912e-01 1.000000000000000000e+00
3.801526717557252022e-01 7.894736842105263275e-01 1.000000000000000000e+00
3.816793893129771242e-01 7.894736842105263275e-01 1.000000000000000000e+00
3.839694656488549795e-01 7.894736842105263275e-01 1.000000000000000000e+00
3.770992366412213581e-01 5.789473684210526550e-01 3.000000000000000000e+00
3.870229007633587681e-01 5.789473684210526550e-01 3.000000000000000000e+00
3.969465648854961781e-01 1.000000000000000000e+00 1.000000000000000000e+00
4.038167938931297440e-01 1.000000000000000000e+00 1.000000000000000000e+00
4.442748091603053173e-01 7.894736842105263275e-01 1.000000000000000000e+00
3.877862595419847569e-01 5.263157894736841813e-02 0.000000000000000000e+00
3.671755725190839481e-01 0.000000000000000000e+00 0.000000000000000000e+00
3.541984732824427495e-01 0.000000000000000000e+00 0.000000000000000000e+00
3.511450381679389054e-01 0.000000000000000000e+00 2.000000000000000000e+00
3.419847328244274842e-01 0.000000000000000000e+00 2.000000000000000000e+00
3.396946564885496289e-01 0.000000000000000000e+00 2.000000000000000000e+00
3.381679389312977069e-01 5.263157894736841813e-02 2.000000000000000000e+00
3.312977099236641410e-01 0.000000000000000000e+00 2.000000000000000000e+00
3.305343511450381522e-01 0.000000000000000000e+00 2.000000000000000000e+00
3.320610687022900742e-01 0.000000000000000000e+00 2.000000000000000000e+00
3.335877862595419963e-01 0.000000000000000000e+00 2.000000000000000000e+00
3.320610687022900742e-01 0.000000000000000000e+00 2.000000000000000000e+00
3.358778625954198516e-01 1.052631578947368363e-01 3.000000000000000000e+00
3.335877862595419963e-01 0.000000000000000000e+00 2.000000000000000000e+00
3.358778625954198516e-01 0.000000000000000000e+00 2.000000000000000000e+00
3.351145038167939183e-01 0.000000000000000000e+00 2.000000000000000000e+00
3.282442748091602969e-01 0.000000000000000000e+00 2.000000000000000000e+00
3.290076335877862856e-01 0.000000000000000000e+00 2.000000000000000000e+00
3.251908396946565083e-01 0.000000000000000000e+00 2.000000000000000000e+00
3.267175572519083748e-01 0.000000000000000000e+00 2.000000000000000000e+00
3.297709923664122189e-01 0.000000000000000000e+00 2.000000000000000000e+00
3.282442748091602969e-01 0.000000000000000000e+00 2.000000000000000000e+00
3.206106870229007422e-01 0.000000000000000000e+00 2.000000000000000000e+00
3.206106870229007422e-01 0.000000000000000000e+00 2.000000000000000000e+00
3.190839694656488756e-01 0.000000000000000000e+00 2.000000000000000000e+00
3.183206106870228869e-01 0.000000000000000000e+00 2.000000000000000000e+00
3.251908396946565083e-01 0.000000000000000000e+00 2.000000000000000000e+00
3.221374045801526642e-01 0.000000000000000000e+00 2.000000000000000000e+00
3.221374045801526642e-01 0.000000000000000000e+00 2.000000000000000000e+00
3.259541984732824416e-01 0.000000000000000000e+00 2.000000000000000000e+00
3.297709923664122189e-01 0.000000000000000000e+00 2.000000000000000000e+00
3.297709923664122189e-01 0.000000000000000000e+00 2.000000000000000000e+00
3.251908396946565083e-01 0.000000000000000000e+00 2.000000000000000000e+00
3.190839694656488756e-01 0.000000000000000000e+00 2.000000000000000000e+00
3.221374045801526642e-01 0.000000000000000000e+00 2.000000000000000000e+00
3.213740458015267309e-01 0.000000000000000000e+00 2.000000000000000000e+00
3.244274809160305195e-01 0.000000000000000000e+00 2.000000000000000000e+00
3.251908396946565083e-01 0.000000000000000000e+00 2.000000000000000000e+00
3.221374045801526642e-01 0.000000000000000000e+00 2.000000000000000000e+00
3.229007633587786530e-01 0.000000000000000000e+00 2.000000000000000000e+00
3.251908396946565083e-01 0.000000000000000000e+00 2.000000000000000000e+00
3.274809160305343636e-01 0.000000000000000000e+00 2.000000000000000000e+00
3.229007633587786530e-01 0.000000000000000000e+00 2.000000000000000000e+00
3.236641221374045863e-01 0.000000000000000000e+00 2.000000000000000000e+00
3.244274809160305195e-01 0.000000000000000000e+00 2.000000000000000000e+00
3.236641221374045863e-01 0.000000000000000000e+00 2.000000000000000000e+00
3.213740458015267309e-01 0.000000000000000000e+00 2.000000000000000000e+00
3.206106870229007422e-01 0.000000000000000000e+00 2.000000000000000000e+00
3.236641221374045863e-01 0.000000000000000000e+00 2.000000000000000000e+00
3.206106870229007422e-01 0.000000000000000000e+00 2.000000000000000000e+00
3.213740458015267309e-01 0.000000000000000000e+00 2.000000000000000000e+00
3.213740458015267309e-01 0.000000000000000000e+00 2.000000000000000000e+00
3.167938931297709648e-01 0.000000000000000000e+00 2.000000000000000000e+00
3.137404580152671763e-01 0.000000000000000000e+00 2.000000000000000000e+00
3.167938931297709648e-01 0.000000000000000000e+00 2.000000000000000000e+00
3.213740458015267309e-01 0.000000000000000000e+00 2.000000000000000000e+00
3.198473282442748089e-01 0.000000000000000000e+00 2.000000000000000000e+00
3.183206106870228869e-01 0.000000000000000000e+00 2.000000000000000000e+00
3.114503816793893209e-01 0.000000000000000000e+00 2.000000000000000000e+00
3.145038167938931095e-01 0.000000000000000000e+00 2.000000000000000000e+00
3.145038167938931095e-01 0.000000000000000000e+00 2.000000000000000000e+00
3.160305343511450316e-01 0.000000000000000000e+00 2.000000000000000000e+00
3.152671755725190983e-01 0.000000000000000000e+00 2.000000000000000000e+00
3.145038167938931095e-01 0.000000000000000000e+00 2.000000000000000000e+00
3.145038167938931095e-01 0.000000000000000000e+00 2.000000000000000000e+00
3.137404580152671763e-01 0.000000000000000000e+00 2.000000000000000000e+00
3.152671755725190983e-01 0.000000000000000000e+00 2.000000000000000000e+00
3.175572519083969536e-01 0.000000000000000000e+00 2.000000000000000000e+00
3.137404580152671763e-01 0.000000000000000000e+00 2.000000000000000000e+00
3.122137404580152542e-01 0.000000000000000000e+00 2.000000000000000000e+00
3.160305343511450316e-01 0.000000000000000000e+00 2.000000000000000000e+00
3.129770992366412430e-01 0.000000000000000000e+00 2.000000000000000000e+00
3.190839694656488756e-01 0.000000000000000000e+00 2.000000000000000000e+00
3.175572519083969536e-01 0.000000000000000000e+00 2.000000000000000000e+00
3.091603053435114656e-01 0.000000000000000000e+00 2.000000000000000000e+00
3.137404580152671763e-01 0.000000000000000000e+00 2.000000000000000000e+00
3.145038167938931095e-01 0.000000000000000000e+00 2.000000000000000000e+00
3.122137404580152542e-01 0.000000000000000000e+00 2.000000000000000000e+00
3.137404580152671763e-01 0.000000000000000000e+00 2.000000000000000000e+00
3.091603053435114656e-01 0.000000000000000000e+00 2.000000000000000000e+00
3.053435114503816883e-01 0.000000000000000000e+00 2.000000000000000000e+00
3.091603053435114656e-01 0.000000000000000000e+00 2.000000000000000000e+00
3.129770992366412430e-01 0.000000000000000000e+00 2.000000000000000000e+00
3.129770992366412430e-01 0.000000000000000000e+00 2.000000000000000000e+00
3.145038167938931095e-01 0.000000000000000000e+00 2.000000000000000000e+00
3.099236641221373989e-01 0.000000000000000000e+00 2.000000000000000000e+00
3.106870229007633322e-01 0.000000000000000000e+00 2.000000000000000000e+00
3.122137404580152542e-01 0.000000000000000000e+00 2.000000000000000000e+00
3.083969465648854769e-01 0.000000000000000000e+00 2.000000000000000000e+00
3.114503816793893209e-01 0.000000000000000000e+00 2.000000000000000000e+00
3.145038167938931095e-01 0.000000000000000000e+00 2.000000000000000000e+00
3.160305343511450316e-01 0.000000000000000000e+00 2.000000000000000000e+00
3.137404580152671763e-01 0.000000000000000000e+00 2.000000000000000000e+00
3.129770992366412430e-01 0.000000000000000000e+00 2.000000000000000000e+00
3.129770992366412430e-01 0.000000000000000000e+00 2.000000000000000000e+00
3.167938931297709648e-01 0.000000000000000000e+00 2.000000000000000000e+00
3.175572519083969536e-01 0.000000000000000000e+00 2.000000000000000000e+00
3.152671755725190983e-01 0.000000000000000000e+00 2.000000000000000000e+00
3.122137404580152542e-01 0.000000000000000000e+00 2.000000000000000000e+00
3.152671755725190983e-01 0.000000000000000000e+00 2.000000000000000000e+00
3.129770992366412430e-01 0.000000000000000000e+00 2.000000000000000000e+00
3.183206106870228869e-01 0.000000000000000000e+00 2.000000000000000000e+00
3.152671755725190983e-01 0.000000000000000000e+00 2.000000000000000000e+00
3.129770992366412430e-01 0.000000000000000000e+00 2.000000000000000000e+00
3.129770992366412430e-01 0.000000000000000000e+00 2.000000000000000000e+00
3.160305343511450316e-01 0.000000000000000000e+00 2.000000000000000000e+00
3.145038167938931095e-01 0.000000000000000000e+00 2.000000000000000000e+00
3.114503816793893209e-01 0.000000000000000000e+00 2.000000000000000000e+00
3.114503816793893209e-01 5.263157894736841813e-02 2.000000000000000000e+00
3.152671755725190983e-01 0.000000000000000000e+00 2.000000000000000000e+00
3.152671755725190983e-01 0.000000000000000000e+00 2.000000000000000000e+00
3.106870229007633322e-01 0.000000000000000000e+00 2.000000000000000000e+00
3.122137404580152542e-01 0.000000000000000000e+00 2.000000000000000000e+00
3.145038167938931095e-01 0.000000000000000000e+00 2.000000000000000000e+00
3.106870229007633322e-01 0.000000000000000000e+00 2.000000000000000000e+00
3.091603053435114656e-01 0.000000000000000000e+00 2.000000000000000000e+00
3.076335877862595436e-01 0.000000000000000000e+00 2.000000000000000000e+00
3.061068702290076216e-01 0.000000000000000000e+00 2.000000000000000000e+00
3.122137404580152542e-01 0.000000000000000000e+00 2.000000000000000000e+00
3.083969465648854769e-01 0.000000000000000000e+00 2.000000000000000000e+00
3.137404580152671763e-01 0.000000000000000000e+00 2.000000000000000000e+00
3.137404580152671763e-01 0.000000000000000000e+00 2.000000000000000000e+00
3.122137404580152542e-01 0.000000000000000000e+00 2.000000000000000000e+00
3.122137404580152542e-01 0.000000000000000000e+00 2.000000000000000000e+00
3.106870229007633322e-01 0.000000000000000000e+00 2.000000000000000000e+00
3.137404580152671763e-01 0.000000000000000000e+00 2.000000000000000000e+00
3.175572519083969536e-01 0.000000000000000000e+00 2.000000000000000000e+00
3.152671755725190983e-01 0.000000000000000000e+00 2.000000000000000000e+00
3.152671755725190983e-01 0.000000000000000000e+00 2.000000000000000000e+00
3.152671755725190983e-01 0.000000000000000000e+00 2.000000000000000000e+00
3.152671755725190983e-01 0.000000000000000000e+00 2.000000000000000000e+00
3.183206106870228869e-01 0.000000000000000000e+00 2.000000000000000000e+00
3.175572519083969536e-01 0.000000000000000000e+00 2.000000000000000000e+00
3.167938931297709648e-01 0.000000000000000000e+00 2.000000000000000000e+00
3.175572519083969536e-01 0.000000000000000000e+00 2.000000000000000000e+00
3.175572519083969536e-01 0.000000000000000000e+00 2.000000000000000000e+00
3.206106870229007422e-01 0.000000000000000000e+00 2.000000000000000000e+00
3.206106870229007422e-01 0.000000000000000000e+00 2.000000000000000000e+00
3.129770992366412430e-01 0.000000000000000000e+00 2.000000000000000000e+00
3.160305343511450316e-01 0.000000000000000000e+00 2.000000000000000000e+00
3.152671755725190983e-01 0.000000000000000000e+00 2.000000000000000000e+00
3.106870229007633322e-01 0.000000000000000000e+00 2.000000000000000000e+00
3.129770992366412430e-01 0.000000000000000000e+00 2.000000000000000000e+00
3.160305343511450316e-01 0.000000000000000000e+00 2.000000000000000000e+00
3.190839694656488756e-01 0.000000000000000000e+00 2.000000000000000000e+00
3.114503816793893209e-01 0.000000000000000000e+00 2.000000000000000000e+00
3.122137404580152542e-01 0.000000000000000000e+00 2.000000000000000000e+00
3.106870229007633322e-01 0.000000000000000000e+00 2.000000000000000000e+00
3.068702290076336103e-01 0.000000000000000000e+00 2.000000000000000000e+00
3.083969465648854769e-01 0.000000000000000000e+00 2.000000000000000000e+00
3.061068702290076216e-01 0.000000000000000000e+00 2.000000000000000000e+00
3.068702290076336103e-01 0.000000000000000000e+00 2.000000000000000000e+00
3.091603053435114656e-01 0.000000000000000000e+00 2.000000000000000000e+00
3.091603053435114656e-01 0.000000000000000000e+00 2.000000000000000000e+00
3.076335877862595436e-01 0.000000000000000000e+00 2.000000000000000000e+00
3.091603053435114656e-01 0.000000000000000000e+00 2.000000000000000000e+00
3.099236641221373989e-01 0.000000000000000000e+00 2.000000000000000000e+00
3.145038167938931095e-01 0.000000000000000000e+00 2.000000000000000000e+00
3.106870229007633322e-01 0.000000000000000000e+00 2.000000000000000000e+00
3.091603053435114656e-01 0.000000000000000000e+00 2.000000000000000000e+00
3.106870229007633322e-01 0.000000000000000000e+00 2.000000000000000000e+00
3.091603053435114656e-01 0.000000000000000000e+00 2.000000000000000000e+00
3.099236641221373989e-01 0.000000000000000000e+00 2.000000000000000000e+00
3.076335877862595436e-01 0.000000000000000000e+00 2.000000000000000000e+00
3.129770992366412430e-01 0.000000000000000000e+00 2.000000000000000000e+00
3.099236641221373989e-01 0.000000000000000000e+00 2.000000000000000000e+00
3.106870229007633322e-01 0.000000000000000000e+00 2.000000000000000000e+00
3.099236641221373989e-01 0.000000000000000000e+00 2.000000000000000000e+00
3.099236641221373989e-01 0.000000000000000000e+00 2.000000000000000000e+00
3.076335877862595436e-01 0.000000000000000000e+00 2.000000000000000000e+00
3.129770992366412430e-01 0.000000000000000000e+00 2.000000000000000000e+00
3.129770992366412430e-01 0.000000000000000000e+00 2.000000000000000000e+00
3.114503816793893209e-01 0.000000000000000000e+00 2.000000000000000000e+00
3.152671755725190983e-01 0.000000000000000000e+00 2.000000000000000000e+00
3.145038167938931095e-01 0.000000000000000000e+00 2.000000000000000000e+00
3.137404580152671763e-01 0.000000000000000000e+00 2.000000000000000000e+00
3.175572519083969536e-01 0.000000000000000000e+00 2.000000000000000000e+00
3.152671755725190983e-01 0.000000000000000000e+00 2.000000000000000000e+00
3.137404580152671763e-01 0.000000000000000000e+00 2.000000000000000000e+00
3.114503816793893209e-01 0.000000000000000000e+00 2.000000000000000000e+00
3.137404580152671763e-01 0.000000000000000000e+00 2.000000000000000000e+00
3.129770992366412430e-01 0.000000000000000000e+00 2.000000000000000000e+00
3.167938931297709648e-01 0.000000000000000000e+00 2.000000000000000000e+00
3.190839694656488756e-01 0.000000000000000000e+00 2.000000000000000000e+00
3.175572519083969536e-01 0.000000000000000000e+00 2.000000000000000000e+00
3.160305343511450316e-01 0.000000000000000000e+00 2.000000000000000000e+00
3.129770992366412430e-01 0.000000000000000000e+00 2.000000000000000000e+00
3.160305343511450316e-01 0.000000000000000000e+00 2.000000000000000000e+00
3.152671755725190983e-01 0.000000000000000000e+00 2.000000000000000000e+00
3.167938931297709648e-01 0.000000000000000000e+00 2.000000000000000000e+00
3.175572519083969536e-01 0.000000000000000000e+00 2.000000000000000000e+00
3.198473282442748089e-01 0.000000000000000000e+00 2.000000000000000000e+00
3.236641221374045863e-01 0.000000000000000000e+00 2.000000000000000000e+00
3.213740458015267309e-01 0.000000000000000000e+00 2.000000000000000000e+00
3.213740458015267309e-01 0.000000000000000000e+00 2.000000000000000000e+00
3.190839694656488756e-01 0.000000000000000000e+00 2.000000000000000000e+00
3.183206106870228869e-01 0.000000000000000000e+00 2.000000000000000000e+00
3.145038167938931095e-01 0.000000000000000000e+00 2.000000000000000000e+00
3.167938931297709648e-01 0.000000000000000000e+00 2.000000000000000000e+00
3.351145038167939183e-01 2.105263157894736725e-01 3.000000000000000000e+00
3.625954198473282375e-01 3.157894736842105088e-01 3.000000000000000000e+00
3.778625954198473469e-01 5.263157894736841813e-02 0.000000000000000000e+00
3.870229007633587681e-01 0.000000000000000000e+00 0.000000000000000000e+00
4.000000000000000222e-01 5.263157894736841813e-02 0.000000000000000000e+00
4.076335877862595214e-01 1.578947368421052544e-01 0.000000000000000000e+00
4.167938931297709981e-01 0.000000000000000000e+00 0.000000000000000000e+00
4.213740458015267087e-01 0.000000000000000000e+00 0.000000000000000000e+00
4.290076335877862634e-01 1.578947368421052544e-01 0.000000000000000000e+00
4.221374045801526975e-01 5.263157894736841813e-02 0.000000000000000000e+00
4.091603053435114434e-01 1.578947368421052544e-01 0.000000000000000000e+00
4.122137404580152875e-01 1.052631578947368363e-01 0.000000000000000000e+00
4.183206106870229202e-01 5.263157894736841813e-02 0.000000000000000000e+00
4.206106870229007755e-01 2.105263157894736725e-01 3.000000000000000000e+00
4.213740458015267087e-01 2.631578947368420907e-01 3.000000000000000000e+00
4.091603053435114434e-01 3.157894736842105088e-01 3.000000000000000000e+00
4.045801526717557328e-01 5.263157894736841813e-02 0.000000000000000000e+00
3.938931297709923895e-01 5.263157894736841813e-02 0.000000000000000000e+00
3.938931297709923895e-01 5.263157894736841813e-02 0.000000000000000000e+00
3.969465648854961781e-01 1.052631578947368363e-01 0.000000000000000000e+00
4.083969465648855102e-01 5.263157894736841813e-02 0.000000000000000000e+00
3.984732824427481002e-01 3.157894736842105088e-01 3.000000000000000000e+00
3.740458015267175695e-01 5.263157894736841813e-02 0.000000000000000000e+00
3.541984732824427495e-01 0.000000000000000000e+00 0.000000000000000000e+00
3.450381679389312728e-01 2.631578947368420907e-01 3.000000000000000000e+00
3.648854961832060928e-01 4.736842105263157632e-01 3.000000000000000000e+00
3.885496183206106902e-01 2.105263157894736725e-01 3.000000000000000000e+00
3.793893129770992134e-01 2.105263157894736725e-01 3.000000000000000000e+00
3.763358778625954248e-01 7.894736842105263275e-01 1.000000000000000000e+00
3.839694656488549795e-01 6.315789473684210176e-01 1.000000000000000000e+00
3.916030534351144787e-01 6.315789473684210176e-01 1.000000000000000000e+00
3.923664122137404675e-01 4.736842105263157632e-01 3.000000000000000000e+00
3.870229007633587681e-01 3.157894736842105088e-01 3.000000000000000000e+00
3.824427480916030575e-01 3.684210526315789269e-01 3.000000000000000000e+00
3.893129770992366234e-01 3.684210526315789269e-01 3.000000000000000000e+00
3.893129770992366234e-01 8.947368421052631637e-01 1.000000000000000000e+00
3.847328244274809128e-01 4.736842105263157632e-01 3.000000000000000000e+00
3.778625954198473469e-01 4.210526315789473450e-01 3.000000000000000000e+00
3.572519083969465381e-01 2.631578947368420907e-01 3.000000000000000000e+00
3.511450381679389054e-01 0.000000000000000000e+00 2.000000000000000000e+00
3.404580152671755622e-01 0.000000000000000000e+00 2.000000000000000000e+00
3.351145038167939183e-01 0.000000000000000000e+00 2.000000000000000000e+00
3.282442748091602969e-01 0.000000000000000000e+00 2.000000000000000000e+00
3.206106870229007422e-01 0.000000000000000000e+00 2.000000000000000000e+00
3.122137404580152542e-01 5.263157894736841813e-02 2.000000000000000000e+00
3.160305343511450316e-01 0.000000000000000000e+00 2.000000000000000000e+00
3.198473282442748089e-01 4.736842105263157632e-01 3.000000000000000000e+00
3.427480916030534175e-01 1.000000000000000000e+00 1.000000000000000000e+00
3.419847328244274842e-01 5.263157894736841813e-01 3.000000000000000000e+00
3.580152671755725269e-01 3.684210526315789269e-01 3.000000000000000000e+00
3.778625954198473469e-01 3.684210526315789269e-01 3.000000000000000000e+00
4.000000000000000222e-01 5.263157894736841813e-01 3.000000000000000000e+00
4.167938931297709981e-01 4.736842105263157632e-01 3.000000000000000000e+00
