2.936694021101993179e-01,1.250000000000000000e-01,1.000000000000000000e+00
2.971864009378663574e-01,8.333333333333332871e-02,1.000000000000000000e+00
3.012895662368112459e-01,2.500000000000000000e-01,0.000000000000000000e+00
3.001172332942555476e-01,2.916666666666666852e-01,0.000000000000000000e+00
2.883939038686987311e-01,2.500000000000000000e-01,0.000000000000000000e+00
2.842907385697537870e-01,1.250000000000000000e-01,0.000000000000000000e+00
2.790152403282532001e-01,8.333333333333332871e-02,3.000000000000000000e+00
2.749120750293083115e-01,4.166666666666666852e-01,0.000000000000000000e+00
2.719812426729191213e-01,1.666666666666666574e-01,0.000000000000000000e+00
2.708089097303634230e-01,8.333333333333332871e-02,3.000000000000000000e+00
2.702227432590855738e-01,2.083333333333333426e-01,0.000000000000000000e+00
2.696365767878077246e-01,1.250000000000000000e-01,0.000000000000000000e+00
2.684642438452520263e-01,1.666666666666666574e-01,0.000000000000000000e+00
2.672919109026963835e-01,8.333333333333332871e-02,3.000000000000000000e+00
2.661195779601406852e-01,8.333333333333332871e-02,3.000000000000000000e+00
2.667057444314185344e-01,1.666666666666666574e-01,0.000000000000000000e+00
2.655334114888628361e-01,4.166666666666666435e-02,3.000000000000000000e+00
2.649472450175849869e-01,1.666666666666666574e-01,0.000000000000000000e+00
2.649472450175849869e-01,2.500000000000000000e-01,0.000000000000000000e+00
2.643610785463071378e-01,4.166666666666666435e-02,3.000000000000000000e+00
2.631887456037514395e-01,1.666666666666666574e-01,0.000000000000000000e+00
2.620164126611957967e-01,3.750000000000000000e-01,0.000000000000000000e+00
2.614302461899179475e-01,4.166666666666666435e-02,3.000000000000000000e+00
2.426729191090269688e-01,8.333333333333332871e-02,3.000000000000000000e+00
2.420867526377491197e-01,0.000000000000000000e+00,3.000000000000000000e+00
2.415005861664712705e-01,8.333333333333332871e-02,3.000000000000000000e+00
2.415005861664712705e-01,2.083333333333333426e-01,0.000000000000000000e+00
2.415005861664712705e-01,2.083333333333333426e-01,0.000000000000000000e+00
2.420867526377491197e-01,1.250000000000000000e-01,0.000000000000000000e+00
2.415005861664712705e-01,8.333333333333332871e-02,3.000000000000000000e+00
2.438452520515826394e-01,1.250000000000000000e-01,0.000000000000000000e+00
2.438452520515826394e-01,0.000000000000000000e+00,3.000000000000000000e+00
2.438452520515826394e-01,1.250000000000000000e-01,0.000000000000000000e+00
2.432590855803048180e-01,1.250000000000000000e-01,0.000000000000000000e+00
2.438452520515826394e-01,4.166666666666666435e-02,3.000000000000000000e+00
2.432590855803048180e-01,0.000000000000000000e+00,3.000000000000000000e+00
2.432590855803048180e-01,1.250000000000000000e-01,0.000000000000000000e+00
2.438452520515826394e-01,8.333333333333332871e-02,3.000000000000000000e+00
2.432590855803048180e-01,4.166666666666666435e-02,3.000000000000000000e+00
2.438452520515826394e-01,8.333333333333332871e-02,3.000000000000000000e+00
2.432590855803048180e-01,8.333333333333332871e-02,3.000000000000000000e+00
2.432590855803048180e-01,1.250000000000000000e-01,0.000000000000000000e+00
2.426729191090269688e-01,1.666666666666666574e-01,0.000000000000000000e+00
2.432590855803048180e-01,2.500000000000000000e-01,0.000000000000000000e+00
2.438452520515826394e-01,1.250000000000000000e-01,0.000000000000000000e+00
2.438452520515826394e-01,1.666666666666666574e-01,0.000000000000000000e+00
2.432590855803048180e-01,1.666666666666666574e-01,0.000000000000000000e+00
2.432590855803048180e-01,4.166666666666666435e-02,3.000000000000000000e+00
2.438452520515826394e-01,8.333333333333332871e-02,3.000000000000000000e+00
2.438452520515826394e-01,8.333333333333332871e-02,3.000000000000000000e+00
2.432590855803048180e-01,2.500000000000000000e-01,0.000000000000000000e+00
2.432590855803048180e-01,8.333333333333332871e-02,3.000000000000000000e+00
2.432590855803048180e-01,1.250000000000000000e-01,0.000000000000000000e+00
2.426729191090269688e-01,4.166666666666666435e-02,3.000000000000000000e+00
2.426729191090269688e-01,1.666666666666666574e-01,0.000000000000000000e+00
2.420867526377491197e-01,8.333333333333332871e-02,3.000000000000000000e+00
2.426729191090269688e-01,4.166666666666666435e-02,3.000000000000000000e+00
2.426729191090269688e-01,0.000000000000000000e+00,3.000000000000000000e+00
2.420867526377491197e-01,1.666666666666666574e-01,0.000000000000000000e+00
2.420867526377491197e-01,1.250000000000000000e-01,0.000000000000000000e+00
2.420867526377491197e-01,0.000000000000000000e+00,3.000000000000000000e+00
2.420867526377491197e-01,8.333333333333332871e-02,3.000000000000000000e+00
2.420867526377491197e-01,2.083333333333333426e-01,0.000000000000000000e+00
2.420867526377491197e-01,2.500000000000000000e-01,0.000000000000000000e+00
2.426729191090269688e-01,1.666666666666666574e-01,0.000000000000000000e+00
2.420867526377491197e-01,3.750000000000000000e-01,0.000000000000000000e+00
2.420867526377491197e-01,2.500000000000000000e-01,0.000000000000000000e+00
2.415005861664712705e-01,2.083333333333333426e-01,0.000000000000000000e+00
2.415005861664712705e-01,2.916666666666666852e-01,0.000000000000000000e+00
2.420867526377491197e-01,1.250000000000000000e-01,0.000000000000000000e+00
2.420867526377491197e-01,1.666666666666666574e-01,0.000000000000000000e+00
2.420867526377491197e-01,2.083333333333333426e-01,0.000000000000000000e+00
2.426729191090269688e-01,2.083333333333333426e-01,0.000000000000000000e+00
2.426729191090269688e-01,2.500000000000000000e-01,0.000000000000000000e+00
2.426729191090269688e-01,2.083333333333333426e-01,0.000000000000000000e+00
2.432590855803048180e-01,1.250000000000000000e-01,0.000000000000000000e+00
2.426729191090269688e-01,2.083333333333333426e-01,0.000000000000000000e+00
2.426729191090269688e-01,8.333333333333332871e-02,3.000000000000000000e+00
2.432590855803048180e-01,1.250000000000000000e-01,0.000000000000000000e+00
2.438452520515826394e-01,0.000000000000000000e+00,3.000000000000000000e+00
2.444314185228604885e-01,1.250000000000000000e-01,0.000000000000000000e+00
2.438452520515826394e-01,1.250000000000000000e-01,0.000000000000000000e+00
2.438452520515826394e-01,4.166666666666666435e-02,3.000000000000000000e+00
2.438452520515826394e-01,0.000000000000000000e+00,3.000000000000000000e+00
2.438452520515826394e-01,1.250000000000000000e-01,0.000000000000000000e+00
2.438452520515826394e-01,1.666666666666666574e-01,0.000000000000000000e+00
2.444314185228604885e-01,1.666666666666666574e-01,0.000000000000000000e+00
2.438452520515826394e-01,1.666666666666666574e-01,0.000000000000000000e+00
2.444314185228604885e-01,8.333333333333332871e-02,3.000000000000000000e+00
2.438452520515826394e-01,2.916666666666666852e-01,0.000000000000000000e+00
2.444314185228604885e-01,2.083333333333333426e-01,0.000000000000000000e+00
2.450175849941383377e-01,3.333333333333333148e-01,0.000000000000000000e+00
2.444314185228604885e-01,4.166666666666666852e-01,0.000000000000000000e+00
2.444314185228604885e-01,3.333333333333333148e-01,0.000000000000000000e+00
2.438452520515826394e-01,8.333333333333332871e-02,3.000000000000000000e+00
2.438452520515826394e-01,1.666666666666666574e-01,0.000000000000000000e+00
2.438452520515826394e-01,1.666666666666666574e-01,0.000000000000000000e+00
2.432590855803048180e-01,2.083333333333333426e-01,0.000000000000000000e+00
2.450175849941383377e-01,2.500000000000000000e-01,0.000000000000000000e+00
2.450175849941383377e-01,1.250000000000000000e-01,0.000000000000000000e+00
2.450175849941383377e-01,2.083333333333333426e-01,0.000000000000000000e+00
2.450175849941383377e-01,1.250000000000000000e-01,0.000000000000000000e+00
2.456037514654161868e-01,2.916666666666666852e-01,0.000000000000000000e+00
2.456037514654161868e-01,1.666666666666666574e-01,0.000000000000000000e+00
2.456037514654161868e-01,2.083333333333333426e-01,0.000000000000000000e+00
2.456037514654161868e-01,8.333333333333332871e-02,3.000000000000000000e+00
2.456037514654161868e-01,2.083333333333333426e-01,0.000000000000000000e+00
2.456037514654161868e-01,2.500000000000000000e-01,0.000000000000000000e+00
2.461899179366940082e-01,1.250000000000000000e-01,0.000000000000000000e+00
2.461899179366940082e-01,1.666666666666666574e-01,0.000000000000000000e+00
2.456037514654161868e-01,8.333333333333332871e-02,3.000000000000000000e+00
2.461899179366940082e-01,1.666666666666666574e-01,0.000000000000000000e+00
2.461899179366940082e-01,8.333333333333332871e-02,3.000000000000000000e+00
2.467760844079718574e-01,1.666666666666666574e-01,0.000000000000000000e+00
2.467760844079718574e-01,3.333333333333333148e-01,0.000000000000000000e+00
2.467760844079718574e-01,8.333333333333332871e-02,3.000000000000000000e+00
2.467760844079718574e-01,1.666666666666666574e-01,0.000000000000000000e+00
2.467760844079718574e-01,8.333333333333332871e-02,3.000000000000000000e+00
2.473622508792497066e-01,4.166666666666666435e-02,3.000000000000000000e+00
2.467760844079718574e-01,3.333333333333333148e-01,0.000000000000000000e+00
2.467760844079718574e-01,1.666666666666666574e-01,0.000000000000000000e+00
2.467760844079718574e-01,1.250000000000000000e-01,0.000000000000000000e+00
2.473622508792497066e-01,2.500000000000000000e-01,0.000000000000000000e+00
2.467760844079718574e-01,1.250000000000000000e-01,0.000000000000000000e+00
2.461899179366940082e-01,8.333333333333332871e-02,3.000000000000000000e+00
2.461899179366940082e-01,2.083333333333333426e-01,0.000000000000000000e+00
2.461899179366940082e-01,1.666666666666666574e-01,0.000000000000000000e+00
2.461899179366940082e-01,4.166666666666666435e-02,3.000000000000000000e+00
2.461899179366940082e-01,2.083333333333333426e-01,0.000000000000000000e+00
2.467760844079718574e-01,8.333333333333332871e-02,3.000000000000000000e+00
2.467760844079718574e-01,1.250000000000000000e-01,0.000000000000000000e+00
2.473622508792497066e-01,2.916666666666666852e-01,0.000000000000000000e+00
2.467760844079718574e-01,8.333333333333332871e-02,3.000000000000000000e+00
2.473622508792497066e-01,2.083333333333333426e-01,0.000000000000000000e+00
2.473622508792497066e-01,4.166666666666666435e-02,3.000000000000000000e+00
2.467760844079718574e-01,1.250000000000000000e-01,0.000000000000000000e+00
2.473622508792497066e-01,1.666666666666666574e-01,0.000000000000000000e+00
2.479484173505275557e-01,2.083333333333333426e-01,0.000000000000000000e+00
2.485345838218054049e-01,1.666666666666666574e-01,0.000000000000000000e+00
2.491207502930832263e-01,1.250000000000000000e-01,0.000000000000000000e+00
2.497069167643610754e-01,4.166666666666666435e-02,3.000000000000000000e+00
2.485345838218054049e-01,1.250000000000000000e-01,0.000000000000000000e+00
2.485345838218054049e-01,8.333333333333332871e-02,3.000000000000000000e+00
2.485345838218054049e-01,1.666666666666666574e-01,0.000000000000000000e+00
2.485345838218054049e-01,1.666666666666666574e-01,0.000000000000000000e+00
2.491207502930832263e-01,1.250000000000000000e-01,0.000000000000000000e+00
2.497069167643610754e-01,2.916666666666666852e-01,0.000000000000000000e+00
2.491207502930832263e-01,2.083333333333333426e-01,0.000000000000000000e+00
2.491207502930832263e-01,2.083333333333333426e-01,0.000000000000000000e+00
2.491207502930832263e-01,1.666666666666666574e-01,0.000000000000000000e+00
2.497069167643610754e-01,1.666666666666666574e-01,0.000000000000000000e+00
2.491207502930832263e-01,3.333333333333333148e-01,0.000000000000000000e+00
2.491207502930832263e-01,1.250000000000000000e-01,0.000000000000000000e+00
2.497069167643610754e-01,1.666666666666666574e-01,0.000000000000000000e+00
2.491207502930832263e-01,1.666666666666666574e-01,0.000000000000000000e+00
2.491207502930832263e-01,4.166666666666666435e-02,3.000000000000000000e+00
2.497069167643610754e-01,4.166666666666666435e-02,3.000000000000000000e+00
2.497069167643610754e-01,2.500000000000000000e-01,0.000000000000000000e+00
2.497069167643610754e-01,1.666666666666666574e-01,0.000000000000000000e+00
2.491207502930832263e-01,2.500000000000000000e-01,0.000000000000000000e+00
2.497069167643610754e-01,1.250000000000000000e-01,0.000000000000000000e+00
4.624853458382180427e-01,4.583333333333333148e-01,1.000000000000000000e+00
5.334114888628370688e-01,4.166666666666666852e-01,4.000000000000000000e+00
5.298944900351699738e-01,5.833333333333333703e-01,4.000000000000000000e+00
5.158264947245017051e-01,8.333333333333332871e-02,1.000000000000000000e+00
5.023446658851113966e-01,1.666666666666666574e-01,1.000000000000000000e+00
4.958968347010551114e-01,8.333333333333332871e-02,1.000000000000000000e+00
4.818288393903868427e-01,2.916666666666666852e-01,1.000000000000000000e+00
4.777256740914419542e-01,8.333333333333332871e-02,1.000000000000000000e+00
4.742086752637749147e-01,8.333333333333332871e-02,1.000000000000000000e+00
4.548651817116061147e-01,4.166666666666666435e-02,1.000000000000000000e+00
4.501758499413833770e-01,2.916666666666666852e-01,1.000000000000000000e+00
4.472450175849941312e-01,2.083333333333333426e-01,1.000000000000000000e+00
4.349355216881594099e-01,1.666666666666666574e-01,1.000000000000000000e+00
4.314185228604923705e-01,4.166666666666666435e-02,1.000000000000000000e+00
4.296600234466588786e-01,1.250000000000000000e-01,1.000000000000000000e+00
4.279015240328253311e-01,2.500000000000000000e-01,1.000000000000000000e+00
5.550996483001172654e-01,7.916666666666666297e-01,2.000000000000000000e+00
5.463071512309496391e-01,7.500000000000000000e-01,2.000000000000000000e+00
5.474794841735052264e-01,7.500000000000000000e-01,2.000000000000000000e+00
6.119577960140679673e-01,7.916666666666666297e-01,2.000000000000000000e+00
6.746776084407971608e-01,3.333333333333333148e-01,4.000000000000000000e+00
7.637749120750293441e-01,2.083333333333333426e-01,4.000000000000000000e+00
8.335287221570926164e-01,7.083333333333333703e-01,4.000000000000000000e+00
9.531066822977726227e-01,3.750000000000000000e-01,4.000000000000000000e+00
1.000000000000000000e+00,5.833333333333333703e-01,4.000000000000000000e+00
9.806565064478311999e-01,1.666666666666666574e-01,4.000000000000000000e+00
9.431418522860491871e-01,1.666666666666666574e-01,4.000000000000000000e+00
9.308323563892145769e-01,0.000000000000000000e+00,1.000000000000000000e+00
6.565064478311840590e-01,6.666666666666666297e-01,4.000000000000000000e+00
3.194607268464244032e-01,7.500000000000000000e-01,2.000000000000000000e+00
3.200468933177022524e-01,6.250000000000000000e-01,2.000000000000000000e+00
3.552168815943728131e-01,4.583333333333333148e-01,0.000000000000000000e+00
4.109026963657678722e-01,3.750000000000000000e-01,1.000000000000000000e+00
4.730363423212192164e-01,6.666666666666666297e-01,2.000000000000000000e+00
4.958968347010551114e-01,3.750000000000000000e-01,1.000000000000000000e+00
4.542790152403282655e-01,8.333333333333333703e-01,2.000000000000000000e+00
3.130128956623681180e-01,8.333333333333333703e-01,2.000000000000000000e+00
3.241500586166471409e-01,5.416666666666666297e-01,2.000000000000000000e+00
3.845252051582649377e-01,9.583333333333333703e-01,2.000000000000000000e+00
4.413833528722156951e-01,9.166666666666666297e-01,2.000000000000000000e+00
4.677608440797186296e-01,8.750000000000000000e-01,2.000000000000000000e+00
4.759671746776084622e-01,9.583333333333333703e-01,2.000000000000000000e+00
4.747948417350527639e-01,8.750000000000000000e-01,2.000000000000000000e+00
4.730363423212192164e-01,9.166666666666666297e-01,2.000000000000000000e+00
4.554513481828839638e-01,3.750000000000000000e-01,1.000000000000000000e+00
4.349355216881594099e-01,2.500000000000000000e-01,1.000000000000000000e+00
4.237983587338804425e-01,1.666666666666666574e-01,1.000000000000000000e+00
4.155920281359906099e-01,1.250000000000000000e-01,1.000000000000000000e+00
4.103165298944900230e-01,1.666666666666666574e-01,1.000000000000000000e+00
4.026963657678780950e-01,2.916666666666666852e-01,1.000000000000000000e+00
3.921453692848769212e-01,8.333333333333332871e-02,1.000000000000000000e+00
3.540445486518171148e-01,3.333333333333333148e-01,0.000000000000000000e+00
3.417350527549823935e-01,2.083333333333333426e-01,1.000000000000000000e+00
3.323563892145369181e-01,2.500000000000000000e-01,1.000000000000000000e+00
3.229777256740914426e-01,4.166666666666666852e-01,0.000000000000000000e+00
3.024618991793669442e-01,2.500000000000000000e-01,0.000000000000000000e+00
3.470105509964829804e-01,1.666666666666666574e-01,1.000000000000000000e+00
3.528722157092614164e-01,7.916666666666666297e-01,2.000000000000000000e+00
3.452520515826494885e-01,1.250000000000000000e-01,1.000000000000000000e+00
3.493552168815943770e-01,2.916666666666666852e-01,1.000000000000000000e+00
3.780773739742086526e-01,1.666666666666666574e-01,1.000000000000000000e+00
4.237983587338804425e-01,3.750000000000000000e-01,1.000000000000000000e+00
4.255568581477139345e-01,4.166666666666666852e-01,1.000000000000000000e+00
4.706916764361078753e-01,8.333333333333332871e-02,1.000000000000000000e+00
4.724501758499413673e-01,2.916666666666666852e-01,1.000000000000000000e+00
4.859320046893317868e-01,2.083333333333333426e-01,1.000000000000000000e+00
5.509964830011723214e-01,1.250000000000000000e-01,1.000000000000000000e+00
5.234466588511137441e-01,8.333333333333332871e-02,1.000000000000000000e+00
4.255568581477139345e-01,4.583333333333333148e-01,0.000000000000000000e+00
3.634232121922625902e-01,4.166666666666666435e-02,1.000000000000000000e+00
3.300117233294255770e-01,0.000000000000000000e+00,1.000000000000000000e+00
3.241500586166471409e-01,0.000000000000000000e+00,1.000000000000000000e+00
3.171160609613130066e-01,0.000000000000000000e+00,1.000000000000000000e+00
3.153575615474794591e-01,4.166666666666666435e-02,1.000000000000000000e+00
2.936694021101993179e-01,4.166666666666666435e-02,3.000000000000000000e+00
2.866354044548651836e-01,8.333333333333332871e-02,3.000000000000000000e+00
2.801875732708088984e-01,0.000000000000000000e+00,3.000000000000000000e+00
2.784290738569754065e-01,4.166666666666666435e-02,3.000000000000000000e+00
2.708089097303634230e-01,4.166666666666666435e-02,3.000000000000000000e+00
2.690504103165298755e-01,0.000000000000000000e+00,3.000000000000000000e+00
2.661195779601406852e-01,0.000000000000000000e+00,3.000000000000000000e+00
2.667057444314185344e-01,4.166666666666666435e-02,3.000000000000000000e+00
2.649472450175849869e-01,0.000000000000000000e+00,3.000000000000000000e+00
2.626025791324736458e-01,0.000000000000000000e+00,3.000000000000000000e+00
2.590855803048065509e-01,4.166666666666666435e-02,3.000000000000000000e+00
2.573270808909730589e-01,4.166666666666666435e-02,3.000000000000000000e+00
2.637749120750292886e-01,8.333333333333332871e-02,3.000000000000000000e+00
2.631887456037514395e-01,2.083333333333333426e-01,0.000000000000000000e+00
2.620164126611957967e-01,0.000000000000000000e+00,3.000000000000000000e+00
2.620164126611957967e-01,0.000000000000000000e+00,3.000000000000000000e+00
2.620164126611957967e-01,0.000000000000000000e+00,3.000000000000000000e+00
2.626025791324736458e-01,0.000000000000000000e+00,3.000000000000000000e+00
2.631887456037514395e-01,0.000000000000000000e+00,3.000000000000000000e+00
2.637749120750292886e-01,0.000000000000000000e+00,3.000000000000000000e+00
2.631887456037514395e-01,0.000000000000000000e+00,3.000000000000000000e+00
2.631887456037514395e-01,2.083333333333333426e-01,0.000000000000000000e+00
2.631887456037514395e-01,4.166666666666666435e-02,3.000000000000000000e+00
2.631887456037514395e-01,4.166666666666666435e-02,3.000000000000000000e+00
2.631887456037514395e-01,8.333333333333332871e-02,3.000000000000000000e+00
2.631887456037514395e-01,8.333333333333332871e-02,3.000000000000000000e+00
2.631887456037514395e-01,8.333333333333332871e-02,3.000000000000000000e+00
2.631887456037514395e-01,0.000000000000000000e+00,3.000000000000000000e+00
2.626025791324736458e-01,0.000000000000000000e+00,3.000000000000000000e+00
2.626025791324736458e-01,0.000000000000000000e+00,3.000000000000000000e+00
2.637749120750292886e-01,8.333333333333332871e-02,3.000000000000000000e+00
2.631887456037514395e-01,0.000000000000000000e+00,3.000000000000000000e+00
2.631887456037514395e-01,0.000000000000000000e+00,3.000000000000000000e+00
2.637749120750292886e-01,0.000000000000000000e+00,3.000000000000000000e+00
2.631887456037514395e-01,0.000000000000000000e+00,3.000000000000000000e+00
2.631887456037514395e-01,0.000000000000000000e+00,3.000000000000000000e+00
2.631887456037514395e-01,0.000000000000000000e+00,3.000000000000000000e+00
2.637749120750292886e-01,0.000000000000000000e+00,3.000000000000000000e+00
2.643610785463071378e-01,0.000000000000000000e+00,3.000000000000000000e+00
2.637749120750292886e-01,4.166666666666666435e-02,3.000000000000000000e+00
2.643610785463071378e-01,0.000000000000000000e+00,3.000000000000000000e+00
2.643610785463071378e-01,4.166666666666666435e-02,3.000000000000000000e+00
2.637749120750292886e-01,0.000000000000000000e+00,3.000000000000000000e+00
2.649472450175849869e-01,0.000000000000000000e+00,3.000000000000000000e+00
2.637749120750292886e-01,0.000000000000000000e+00,3.000000000000000000e+00
2.631887456037514395e-01,0.000000000000000000e+00,3.000000000000000000e+00
2.631887456037514395e-01,0.000000000000000000e+00,3.000000000000000000e+00
2.637749120750292886e-01,0.000000000000000000e+00,3.000000000000000000e+00
2.643610785463071378e-01,0.000000000000000000e+00,3.000000000000000000e+00
2.637749120750292886e-01,0.000000000000000000e+00,3.000000000000000000e+00
2.643610785463071378e-01,4.166666666666666435e-02,3.000000000000000000e+00
2.649472450175849869e-01,4.166666666666666435e-02,3.000000000000000000e+00
2.643610785463071378e-01,0.000000000000000000e+00,3.000000000000000000e+00
2.643610785463071378e-01,4.166666666666666435e-02,3.000000000000000000e+00
2.643610785463071378e-01,0.000000000000000000e+00,3.000000000000000000e+00
2.649472450175849869e-01,0.000000000000000000e+00,3.000000000000000000e+00
2.649472450175849869e-01,0.000000000000000000e+00,3.000000000000000000e+00
2.643610785463071378e-01,0.000000000000000000e+00,3.000000000000000000e+00
2.649472450175849869e-01,0.000000000000000000e+00,3.000000000000000000e+00
2.649472450175849869e-01,8.333333333333332871e-02,3.000000000000000000e+00
2.655334114888628361e-01,2.916666666666666852e-01,0.000000000000000000e+00
2.655334114888628361e-01,1.250000000000000000e-01,0.000000000000000000e+00
2.655334114888628361e-01,1.666666666666666574e-01,0.000000000000000000e+00
2.649472450175849869e-01,4.166666666666666435e-02,3.000000000000000000e+00
2.649472450175849869e-01,2.500000000000000000e-01,0.000000000000000000e+00
2.655334114888628361e-01,8.333333333333332871e-02,3.000000000000000000e+00
2.655334114888628361e-01,1.250000000000000000e-01,0.000000000000000000e+00
2.661195779601406852e-01,1.666666666666666574e-01,0.000000000000000000e+00
2.655334114888628361e-01,1.250000000000000000e-01,0.000000000000000000e+00
2.655334114888628361e-01,2.500000000000000000e-01,0.000000000000000000e+00
2.655334114888628361e-01,0.000000000000000000e+00,3.000000000000000000e+00
2.655334114888628361e-01,0.000000000000000000e+00,3.000000000000000000e+00
2.655334114888628361e-01,4.166666666666666435e-02,3.000000000000000000e+00
2.661195779601406852e-01,8.333333333333332871e-02,3.000000000000000000e+00
2.643610785463071378e-01,8.333333333333332871e-02,3.000000000000000000e+00
2.643610785463071378e-01,4.166666666666666435e-02,3.000000000000000000e+00
2.643610785463071378e-01,0.000000000000000000e+00,3.000000000000000000e+00
2.643610785463071378e-01,4.166666666666666435e-02,3.000000000000000000e+00
2.643610785463071378e-01,1.666666666666666574e-01,0.000000000000000000e+00
2.649472450175849869e-01,8.333333333333332871e-02,3.000000000000000000e+00
2.649472450175849869e-01,8.333333333333332871e-02,3.000000000000000000e+00
2.661195779601406852e-01,0.000000000000000000e+00,3.000000000000000000e+00
2.655334114888628361e-01,0.000000000000000000e+00,3.000000000000000000e+00
2.643610785463071378e-01,0.000000000000000000e+00,3.000000000000000000e+00
2.631887456037514395e-01,4.166666666666666435e-02,3.000000000000000000e+00
2.631887456037514395e-01,0.000000000000000000e+00,3.000000000000000000e+00
2.637749120750292886e-01,0.000000000000000000e+00,3.000000000000000000e+00
2.626025791324736458e-01,0.000000000000000000e+00,3.000000000000000000e+00
2.631887456037514395e-01,0.000000000000000000e+00,3.000000000000000000e+00
2.637749120750292886e-01,1.666666666666666574e-01,0.000000000000000000e+00
2.631887456037514395e-01,2.083333333333333426e-01,0.000000000000000000e+00
2.631887456037514395e-01,8.333333333333332871e-02,3.000000000000000000e+00
2.631887456037514395e-01,4.166666666666666435e-02,3.000000000000000000e+00
2.637749120750292886e-01,1.666666666666666574e-01,0.000000000000000000e+00
2.643610785463071378e-01,1.250000000000000000e-01,0.000000000000000000e+00
2.626025791324736458e-01,0.000000000000000000e+00,3.000000000000000000e+00
2.626025791324736458e-01,0.000000000000000000e+00,3.000000000000000000e+00
2.631887456037514395e-01,8.333333333333332871e-02,3.000000000000000000e+00
2.631887456037514395e-01,0.000000000000000000e+00,3.000000000000000000e+00
2.626025791324736458e-01,4.166666666666666435e-02,3.000000000000000000e+00
2.626025791324736458e-01,2.083333333333333426e-01,0.000000000000000000e+00
2.620164126611957967e-01,8.333333333333332871e-02,3.000000000000000000e+00
2.620164126611957967e-01,1.666666666666666574e-01,0.000000000000000000e+00
2.620164126611957967e-01,2.083333333333333426e-01,0.000000000000000000e+00
2.614302461899179475e-01,1.250000000000000000e-01,0.000000000000000000e+00
2.626025791324736458e-01,2.083333333333333426e-01,0.000000000000000000e+00
2.631887456037514395e-01,1.666666666666666574e-01,0.000000000000000000e+00
2.631887456037514395e-01,1.666666666666666574e-01,0.000000000000000000e+00
2.626025791324736458e-01,8.333333333333332871e-02,3.000000000000000000e+00
2.626025791324736458e-01,8.333333333333332871e-02,3.000000000000000000e+00
2.620164126611957967e-01,8.333333333333332871e-02,3.000000000000000000e+00
2.620164126611957967e-01,2.500000000000000000e-01,0.000000000000000000e+00
2.620164126611957967e-01,1.250000000000000000e-01,0.000000000000000000e+00
2.626025791324736458e-01,1.250000000000000000e-01,0.000000000000000000e+00
2.620164126611957967e-01,1.666666666666666574e-01,0.000000000000000000e+00
2.620164126611957967e-01,2.500000000000000000e-01,0.000000000000000000e+00
2.620164126611957967e-01,3.333333333333333148e-01,0.000000000000000000e+00
2.626025791324736458e-01,4.166666666666666435e-02,3.000000000000000000e+00
2.620164126611957967e-01,1.666666666666666574e-01,0.000000000000000000e+00
2.620164126611957967e-01,2.500000000000000000e-01,0.000000000000000000e+00
2.620164126611957967e-01,2.083333333333333426e-01,0.000000000000000000e+00
2.620164126611957967e-01,2.500000000000000000e-01,0.000000000000000000e+00
2.620164126611957967e-01,1.250000000000000000e-01,0.000000000000000000e+00
2.626025791324736458e-01,8.333333333333332871e-02,3.000000000000000000e+00
2.620164126611957967e-01,2.083333333333333426e-01,0.000000000000000000e+00
2.620164126611957967e-01,2.083333333333333426e-01,0.000000000000000000e+00
2.620164126611957967e-01,8.333333333333332871e-02,3.000000000000000000e+00
2.602579132473622492e-01,1.250000000000000000e-01,0.000000000000000000e+00
2.608440797186400983e-01,2.916666666666666852e-01,0.000000000000000000e+00
2.608440797186400983e-01,8.333333333333332871e-02,3.000000000000000000e+00
2.608440797186400983e-01,1.666666666666666574e-01,0.000000000000000000e+00
2.614302461899179475e-01,1.666666666666666574e-01,0.000000000000000000e+00
2.608440797186400983e-01,8.333333333333332871e-02,3.000000000000000000e+00
2.608440797186400983e-01,2.083333333333333426e-01,0.000000000000000000e+00
2.614302461899179475e-01,1.250000000000000000e-01,0.000000000000000000e+00
2.614302461899179475e-01,4.166666666666666435e-02,3.000000000000000000e+00
2.602579132473622492e-01,2.083333333333333426e-01,0.000000000000000000e+00
2.608440797186400983e-01,4.166666666666666435e-02,3.000000000000000000e+00
2.596717467760844000e-01,4.166666666666666435e-02,3.000000000000000000e+00
2.602579132473622492e-01,8.333333333333332871e-02,3.000000000000000000e+00
2.608440797186400983e-01,8.333333333333332871e-02,3.000000000000000000e+00
2.608440797186400983e-01,1.666666666666666574e-01,0.000000000000000000e+00
2.602579132473622492e-01,8.333333333333332871e-02,3.000000000000000000e+00
2.608440797186400983e-01,1.250000000000000000e-01,0.000000000000000000e+00
2.602579132473622492e-01,1.250000000000000000e-01,0.000000000000000000e+00
2.608440797186400983e-01,1.666666666666666574e-01,0.000000000000000000e+00
2.614302461899179475e-01,2.500000000000000000e-01,0.000000000000000000e+00
2.602579132473622492e-01,1.666666666666666574e-01,0.000000000000000000e+00
2.602579132473622492e-01,8.333333333333332871e-02,3.000000000000000000e+00
2.584994138335287017e-01,4.166666666666666435e-02,3.000000000000000000e+00
2.590855803048065509e-01,2.500000000000000000e-01,0.000000000000000000e+00
2.584994138335287017e-01,1.250000000000000000e-01,0.000000000000000000e+00
2.590855803048065509e-01,4.166666666666666435e-02,3.000000000000000000e+00
2.590855803048065509e-01,2.083333333333333426e-01,0.000000000000000000e+00
2.584994138335287017e-01,2.083333333333333426e-01,0.000000000000000000e+00
2.579132473622508526e-01,8.333333333333332871e-02,3.000000000000000000e+00
2.579132473622508526e-01,1.666666666666666574e-01,0.000000000000000000e+00
2.573270808909730589e-01,1.250000000000000000e-01,0.000000000000000000e+00
2.579132473622508526e-01,1.666666666666666574e-01,0.000000000000000000e+00
2.579132473622508526e-01,2.083333333333333426e-01,0.000000000000000000e+00
2.584994138335287017e-01,2.083333333333333426e-01,0.000000000000000000e+00
2.590855803048065509e-01,1.250000000000000000e-01,0.000000000000000000e+00
2.584994138335287017e-01,1.666666666666666574e-01,0.000000000000000000e+00
2.584994138335287017e-01,8.333333333333332871e-02,3.000000000000000000e+00
2.561547479484173606e-01,1.250000000000000000e-01,0.000000000000000000e+00
2.567409144196952098e-01,4.166666666666666435e-02,3.000000000000000000e+00
2.561547479484173606e-01,1.666666666666666574e-01,0.000000000000000000e+00
2.567409144196952098e-01,1.250000000000000000e-01,0.000000000000000000e+00
2.567409144196952098e-01,0.000000000000000000e+00,3.000000000000000000e+00
2.567409144196952098e-01,8.333333333333332871e-02,3.000000000000000000e+00
2.561547479484173606e-01,0.000000000000000000e+00,3.000000000000000000e+00
2.555685814771395115e-01,2.500000000000000000e-01,0.000000000000000000e+00
2.567409144196952098e-01,2.500000000000000000e-01,0.000000000000000000e+00
2.549824150058616623e-01,1.250000000000000000e-01,0.000000000000000000e+00
2.532239155920281148e-01,2.500000000000000000e-01,0.000000000000000000e+00
2.526377491207502657e-01,1.666666666666666574e-01,0.000000000000000000e+00
2.526377491207502657e-01,1.250000000000000000e-01,0.000000000000000000e+00
2.520515826494724720e-01,3.333333333333333148e-01,0.000000000000000000e+00
2.514654161781946229e-01,3.333333333333333148e-01,0.000000000000000000e+00
2.508792497069167737e-01,1.666666666666666574e-01,0.000000000000000000e+00
2.502930832356389246e-01,1.250000000000000000e-01,0.000000000000000000e+00
2.502930832356389246e-01,1.250000000000000000e-01,0.000000000000000000e+00
2.508792497069167737e-01,8.333333333333332871e-02,3.000000000000000000e+00
2.502930832356389246e-01,1.250000000000000000e-01,0.000000000000000000e+00
2.502930832356389246e-01,1.666666666666666574e-01,0.000000000000000000e+00
2.502930832356389246e-01,2.083333333333333426e-01,0.000000000000000000e+00
2.502930832356389246e-01,4.166666666666666435e-02,3.000000000000000000e+00
2.497069167643610754e-01,1.250000000000000000e-01,0.000000000000000000e+00
2.479484173505275557e-01,2.500000000000000000e-01,0.000000000000000000e+00
2.473622508792497066e-01,4.166666666666666435e-02,3.000000000000000000e+00
2.473622508792497066e-01,0.000000000000000000e+00,3.000000000000000000e+00
2.473622508792497066e-01,0.000000000000000000e+00,3.000000000000000000e+00
2.473622508792497066e-01,0.000000000000000000e+00,3.000000000000000000e+00
2.467760844079718574e-01,0.000000000000000000e+00,3.000000000000000000e+00
2.467760844079718574e-01,0.000000000000000000e+00,3.000000000000000000e+00
2.467760844079718574e-01,0.000000000000000000e+00,3.000000000000000000e+00
2.461899179366940082e-01,0.000000000000000000e+00,3.000000000000000000e+00
2.461899179366940082e-01,0.000000000000000000e+00,3.000000000000000000e+00
2.456037514654161868e-01,4.166666666666666435e-02,3.000000000000000000e+00
2.456037514654161868e-01,0.000000000000000000e+00,3.000000000000000000e+00
2.450175849941383377e-01,0.000000000000000000e+00,3.000000000000000000e+00
2.444314185228604885e-01,0.000000000000000000e+00,3.000000000000000000e+00
2.450175849941383377e-01,4.166666666666666435e-02,3.000000000000000000e+00
2.450175849941383377e-01,0.000000000000000000e+00,3.000000000000000000e+00
2.444314185228604885e-01,4.166666666666666435e-02,3.000000000000000000e+00
2.444314185228604885e-01,4.166666666666666435e-02,3.000000000000000000e+00
2.432590855803048180e-01,0.000000000000000000e+00,3.000000000000000000e+00
2.420867526377491197e-01,0.000000000000000000e+00,3.000000000000000000e+00
2.432590855803048180e-01,2.083333333333333426e-01,0.000000000000000000e+00
2.426729191090269688e-01,1.666666666666666574e-01,0.000000000000000000e+00
2.432590855803048180e-01,4.583333333333333148e-01,0.000000000000000000e+00
2.438452520515826394e-01,1.250000000000000000e-01,0.000000000000000000e+00
2.432590855803048180e-01,1.250000000000000000e-01,0.000000000000000000e+00
2.426729191090269688e-01,1.666666666666666574e-01,0.000000000000000000e+00
2.432590855803048180e-01,4.166666666666666435e-02,3.000000000000000000e+00
2.420867526377491197e-01,1.250000000000000000e-01,0.000000000000000000e+00
2.426729191090269688e-01,4.166666666666666435e-02,3.000000000000000000e+00
2.426729191090269688e-01,8.333333333333332871e-02,3.000000000000000000e+00
2.426729191090269688e-01,0.000000000000000000e+00,3.000000000000000000e+00
2.420867526377491197e-01,1.250000000000000000e-01,0.000000000000000000e+00
2.426729191090269688e-01,8.333333333333332871e-02,3.000000000000000000e+00
2.426729191090269688e-01,1.666666666666666574e-01,0.000000000000000000e+00
2.426729191090269688e-01,0.000000000000000000e+00,3.000000000000000000e+00
2.426729191090269688e-01,1.250000000000000000e-01,0.000000000000000000e+00
2.420867526377491197e-01,8.333333333333332871e-02,3.000000000000000000e+00
2.426729191090269688e-01,1.666666666666666574e-01,0.000000000000000000e+00
2.438452520515826394e-01,4.166666666666666435e-02,3.000000000000000000e+00
2.420867526377491197e-01,0.000000000000000000e+00,3.000000000000000000e+00
2.420867526377491197e-01,4.166666666666666435e-02,3.000000000000000000e+00
2.420867526377491197e-01,4.166666666666666435e-02,3.000000000000000000e+00
2.426729191090269688e-01,4.166666666666666435e-02,3.000000000000000000e+00
2.426729191090269688e-01,8.333333333333332871e-02,3.000000000000000000e+00
2.426729191090269688e-01,4.166666666666666435e-02,3.000000000000000000e+00
2.426729191090269688e-01,4.166666666666666435e-02,3.000000000000000000e+00
2.426729191090269688e-01,8.333333333333332871e-02,3.000000000000000000e+00
2.426729191090269688e-01,4.166666666666666435e-02,3.000000000000000000e+00
2.426729191090269688e-01,8.333333333333332871e-02,3.000000000000000000e+00
2.426729191090269688e-01,8.333333333333332871e-02,3.000000000000000000e+00
2.426729191090269688e-01,1.250000000000000000e-01,0.000000000000000000e+00
2.426729191090269688e-01,2.500000000000000000e-01,0.000000000000000000e+00
2.432590855803048180e-01,8.333333333333332871e-02,3.000000000000000000e+00
2.432590855803048180e-01,2.083333333333333426e-01,0.000000000000000000e+00
2.432590855803048180e-01,0.000000000000000000e+00,3.000000000000000000e+00
2.426729191090269688e-01,1.250000000000000000e-01,0.000000000000000000e+00
2.426729191090269688e-01,4.166666666666666435e-02,3.000000000000000000e+00
2.420867526377491197e-01,1.666666666666666574e-01,0.000000000000000000e+00
2.420867526377491197e-01,4.166666666666666435e-02,3.000000000000000000e+00
2.409144196951934214e-01,4.166666666666666435e-02,3.000000000000000000e+00
2.409144196951934214e-01,1.250000000000000000e-01,0.000000000000000000e+00
2.409144196951934214e-01,8.333333333333332871e-02,3.000000000000000000e+00
2.415005861664712705e-01,1.250000000000000000e-01,0.000000000000000000e+00
2.415005861664712705e-01,1.250000000000000000e-01,0.000000000000000000e+00
2.409144196951934214e-01,1.666666666666666574e-01,0.000000000000000000e+00
2.415005861664712705e-01,1.250000000000000000e-01,0.000000000000000000e+00
2.415005861664712705e-01,1.666666666666666574e-01,0.000000000000000000e+00
2.397420867526377508e-01,1.666666666666666574e-01,0.000000000000000000e+00
2.397420867526377508e-01,8.333333333333332871e-02,3.000000000000000000e+00
2.403282532239156000e-01,3.750000000000000000e-01,0.000000000000000000e+00
2.397420867526377508e-01,5.416666666666666297e-01,0.000000000000000000e+00
2.403282532239156000e-01,4.166666666666666852e-01,0.000000000000000000e+00
2.409144196951934214e-01,3.750000000000000000e-01,0.000000000000000000e+00
2.403282532239156000e-01,3.333333333333333148e-01,0.000000000000000000e+00
2.403282532239156000e-01,1.666666666666666574e-01,0.000000000000000000e+00
2.403282532239156000e-01,8.333333333333332871e-02,3.000000000000000000e+00
2.403282532239156000e-01,1.666666666666666574e-01,0.000000000000000000e+00
2.397420867526377508e-01,1.666666666666666574e-01,0.000000000000000000e+00
2.397420867526377508e-01,0.000000000000000000e+00,3.000000000000000000e+00
2.409144196951934214e-01,4.166666666666666435e-02,3.000000000000000000e+00
2.403282532239156000e-01,8.333333333333332871e-02,3.000000000000000000e+00
2.391559202813599017e-01,1.250000000000000000e-01,0.000000000000000000e+00
2.397420867526377508e-01,2.083333333333333426e-01,0.000000000000000000e+00
2.397420867526377508e-01,1.250000000000000000e-01,0.000000000000000000e+00
2.397420867526377508e-01,1.250000000000000000e-01,0.000000000000000000e+00
2.397420867526377508e-01,1.666666666666666574e-01,0.000000000000000000e+00
2.403282532239156000e-01,1.250000000000000000e-01,0.000000000000000000e+00
2.403282532239156000e-01,8.333333333333332871e-02,3.000000000000000000e+00
2.403282532239156000e-01,1.666666666666666574e-01,0.000000000000000000e+00
2.403282532239156000e-01,0.000000000000000000e+00,3.000000000000000000e+00
2.409144196951934214e-01,4.166666666666666435e-02,3.000000000000000000e+00
2.415005861664712705e-01,4.166666666666666435e-02,3.000000000000000000e+00
2.409144196951934214e-01,2.083333333333333426e-01,0.000000000000000000e+00
2.409144196951934214e-01,1.666666666666666574e-01,0.000000000000000000e+00
2.409144196951934214e-01,8.333333333333332871e-02,3.000000000000000000e+00
2.403282532239156000e-01,1.250000000000000000e-01,0.000000000000000000e+00
2.415005861664712705e-01,4.166666666666666435e-02,3.000000000000000000e+00
2.415005861664712705e-01,1.250000000000000000e-01,0.000000000000000000e+00
2.409144196951934214e-01,1.666666666666666574e-01,0.000000000000000000e+00
2.409144196951934214e-01,2.083333333333333426e-01,0.000000000000000000e+00
2.409144196951934214e-01,1.666666666666666574e-01,0.000000000000000000e+00
2.409144196951934214e-01,1.250000000000000000e-01,0.000000000000000000e+00
2.403282532239156000e-01,8.333333333333332871e-02,3.000000000000000000e+00
2.409144196951934214e-01,4.166666666666666435e-02,3.000000000000000000e+00
2.409144196951934214e-01,1.250000000000000000e-01,0.000000000000000000e+00
2.420867526377491197e-01,1.250000000000000000e-01,0.000000000000000000e+00
2.426729191090269688e-01,1.666666666666666574e-01,0.000000000000000000e+00
2.420867526377491197e-01,2.500000000000000000e-01,0.000000000000000000e+00
2.415005861664712705e-01,1.250000000000000000e-01,0.000000000000000000e+00
2.420867526377491197e-01,1.666666666666666574e-01,0.000000000000000000e+00
2.415005861664712705e-01,1.250000000000000000e-01,0.000000000000000000e+00
2.415005861664712705e-01,4.166666666666666435e-02,3.000000000000000000e+00
2.415005861664712705e-01,1.250000000000000000e-01,0.000000000000000000e+00
2.415005861664712705e-01,0.000000000000000000e+00,3.000000000000000000e+00
2.409144196951934214e-01,0.000000000000000000e+00,3.000000000000000000e+00
2.403282532239156000e-01,0.000000000000000000e+00,3.000000000000000000e+00
2.409144196951934214e-01,0.000000000000000000e+00,3.000000000000000000e+00
2.409144196951934214e-01,0.000000000000000000e+00,3.000000000000000000e+00
2.409144196951934214e-01,0.000000000000000000e+00,3.000000000000000000e+00
2.409144196951934214e-01,0.000000000000000000e+00,3.000000000000000000e+00
2.403282532239156000e-01,0.000000000000000000e+00,3.000000000000000000e+00
2.397420867526377508e-01,0.000000000000000000e+00,3.000000000000000000e+00
2.409144196951934214e-01,0.000000000000000000e+00,3.000000000000000000e+00
2.403282532239156000e-01,0.000000000000000000e+00,3.000000000000000000e+00
2.403282532239156000e-01,0.000000000000000000e+00,3.000000000000000000e+00
2.409144196951934214e-01,0.000000000000000000e+00,3.000000000000000000e+00
2.409144196951934214e-01,0.000000000000000000e+00,3.000000000000000000e+00
2.409144196951934214e-01,0.000000000000000000e+00,3.000000000000000000e+00
2.415005861664712705e-01,8.333333333333332871e-02,3.000000000000000000e+00
2.415005861664712705e-01,2.500000000000000000e-01,0.000000000000000000e+00
2.420867526377491197e-01,8.333333333333332871e-02,3.000000000000000000e+00
2.420867526377491197e-01,1.666666666666666574e-01,0.000000000000000000e+00
2.420867526377491197e-01,4.166666666666666435e-02,3.000000000000000000e+00
2.415005861664712705e-01,1.666666666666666574e-01,0.000000000000000000e+00
2.415005861664712705e-01,2.083333333333333426e-01,0.000000000000000000e+00
2.420867526377491197e-01,8.333333333333332871e-02,3.000000000000000000e+00
2.420867526377491197e-01,8.333333333333332871e-02,3.000000000000000000e+00
2.426729191090269688e-01,2.083333333333333426e-01,0.000000000000000000e+00
2.426729191090269688e-01,2.500000000000000000e-01,0.000000000000000000e+00
2.426729191090269688e-01,2.500000000000000000e-01,0.000000000000000000e+00
2.432590855803048180e-01,8.333333333333332871e-02,3.000000000000000000e+00
2.432590855803048180e-01,1.250000000000000000e-01,0.000000000000000000e+00
2.432590855803048180e-01,1.666666666666666574e-01,0.000000000000000000e+00
2.432590855803048180e-01,1.250000000000000000e-01,0.000000000000000000e+00
2.426729191090269688e-01,2.083333333333333426e-01,0.000000000000000000e+00
2.456037514654161868e-01,1.666666666666666574e-01,0.000000000000000000e+00
2.444314185228604885e-01,2.500000000000000000e-01,0.000000000000000000e+00
2.438452520515826394e-01,1.666666666666666574e-01,0.000000000000000000e+00
2.438452520515826394e-01,2.916666666666666852e-01,0.000000000000000000e+00
2.432590855803048180e-01,4.166666666666666852e-01,0.000000000000000000e+00
2.432590855803048180e-01,1.250000000000000000e-01,0.000000000000000000e+00
2.426729191090269688e-01,4.166666666666666435e-02,3.000000000000000000e+00
2.426729191090269688e-01,0.000000000000000000e+00,3.000000000000000000e+00
2.432590855803048180e-01,0.000000000000000000e+00,3.000000000000000000e+00
2.432590855803048180e-01,0.000000000000000000e+00,3.000000000000000000e+00
2.432590855803048180e-01,0.000000000000000000e+00,3.000000000000000000e+00
2.438452520515826394e-01,0.000000000000000000e+00,3.000000000000000000e+00
2.432590855803048180e-01,4.166666666666666435e-02,3.000000000000000000e+00
2.438452520515826394e-01,0.000000000000000000e+00,3.000000000000000000e+00
2.438452520515826394e-01,0.000000000000000000e+00,3.000000000000000000e+00
2.444314185228604885e-01,0.000000000000000000e+00,3.000000000000000000e+00
2.444314185228604885e-01,0.000000000000000000e+00,3.000000000000000000e+00
2.450175849941383377e-01,0.000000000000000000e+00,3.000000000000000000e+00
2.450175849941383377e-01,0.000000000000000000e+00,3.000000000000000000e+00
2.456037514654161868e-01,0.000000000000000000e+00,3.000000000000000000e+00
2.456037514654161868e-01,0.000000000000000000e+00,3.000000000000000000e+00
2.450175849941383377e-01,0.000000000000000000e+00,3.000000000000000000e+00
2.456037514654161868e-01,0.000000000000000000e+00,3.000000000000000000e+00
2.450175849941383377e-01,0.000000000000000000e+00,3.000000000000000000e+00
2.444314185228604885e-01,0.000000000000000000e+00,3.000000000000000000e+00
2.450175849941383377e-01,0.000000000000000000e+00,3.000000000000000000e+00
2.450175849941383377e-01,0.000000000000000000e+00,3.000000000000000000e+00
2.438452520515826394e-01,0.000000000000000000e+00,3.000000000000000000e+00
2.438452520515826394e-01,0.000000000000000000e+00,3.000000000000000000e+00
2.456037514654161868e-01,0.000000000000000000e+00,3.000000000000000000e+00
2.456037514654161868e-01,0.000000000000000000e+00,3.000000000000000000e+00
2.456037514654161868e-01,0.000000000000000000e+00,3.000000000000000000e+00
2.456037514654161868e-01,0.000000000000000000e+00,3.000000000000000000e+00
2.461899179366940082e-01,0.000000000000000000e+00,3.000000000000000000e+00
2.461899179366940082e-01,0.000000000000000000e+00,3.000000000000000000e+00
2.461899179366940082e-01,0.000000000000000000e+00,3.000000000000000000e+00
2.461899179366940082e-01,0.000000000000000000e+00,3.000000000000000000e+00
2.456037514654161868e-01,0.000000000000000000e+00,3.000000000000000000e+00
2.450175849941383377e-01,0.000000000000000000e+00,3.000000000000000000e+00
2.456037514654161868e-01,0.000000000000000000e+00,3.000000000000000000e+00
2.450175849941383377e-01,0.000000000000000000e+00,3.000000000000000000e+00
2.456037514654161868e-01,0.000000000000000000e+00,3.000000000000000000e+00
2.456037514654161868e-01,0.000000000000000000e+00,3.000000000000000000e+00
2.456037514654161868e-01,0.000000000000000000e+00,3.000000000000000000e+00
2.450175849941383377e-01,0.000000000000000000e+00,3.000000000000000000e+00
2.444314185228604885e-01,0.000000000000000000e+00,3.000000000000000000e+00
2.456037514654161868e-01,1.666666666666666574e-01,0.000000000000000000e+00
2.456037514654161868e-01,8.333333333333332871e-02,3.000000000000000000e+00
2.450175849941383377e-01,1.666666666666666574e-01,0.000000000000000000e+00
2.444314185228604885e-01,1.666666666666666574e-01,0.000000000000000000e+00
2.450175849941383377e-01,1.666666666666666574e-01,0.000000000000000000e+00
2.450175849941383377e-01,2.083333333333333426e-01,0.000000000000000000e+00
2.450175849941383377e-01,2.083333333333333426e-01,0.000000000000000000e+00
2.450175849941383377e-01,4.166666666666666435e-02,3.000000000000000000e+00
2.450175849941383377e-01,1.250000000000000000e-01,0.000000000000000000e+00
2.438452520515826394e-01,2.083333333333333426e-01,0.000000000000000000e+00
2.438452520515826394e-01,2.916666666666666852e-01,0.000000000000000000e+00
2.444314185228604885e-01,1.666666666666666574e-01,0.000000000000000000e+00
2.438452520515826394e-01,1.250000000000000000e-01,0.000000000000000000e+00
2.432590855803048180e-01,1.250000000000000000e-01,0.000000000000000000e+00
2.426729191090269688e-01,8.333333333333332871e-02,3.000000000000000000e+00
2.432590855803048180e-01,1.250000000000000000e-01,0.000000000000000000e+00
2.432590855803048180e-01,1.666666666666666574e-01,0.000000000000000000e+00
2.432590855803048180e-01,1.666666666666666574e-01,0.000000000000000000e+00
2.432590855803048180e-01,1.250000000000000000e-01,0.000000000000000000e+00
2.426729191090269688e-01,1.666666666666666574e-01,0.000000000000000000e+00
2.432590855803048180e-01,8.333333333333332871e-02,3.000000000000000000e+00
2.426729191090269688e-01,1.250000000000000000e-01,0.000000000000000000e+00
2.426729191090269688e-01,2.916666666666666852e-01,0.000000000000000000e+00
2.420867526377491197e-01,1.250000000000000000e-01,0.000000000000000000e+00
2.415005861664712705e-01,2.083333333333333426e-01,0.000000000000000000e+00
2.420867526377491197e-01,1.250000000000000000e-01,0.000000000000000000e+00
2.415005861664712705e-01,1.666666666666666574e-01,0.000000000000000000e+00
2.415005861664712705e-01,1.666666666666666574e-01,0.000000000000000000e+00
2.415005861664712705e-01,1.250000000000000000e-01,0.000000000000000000e+00
2.403282532239156000e-01,1.250000000000000000e-01,0.000000000000000000e+00
2.397420867526377508e-01,8.333333333333332871e-02,3.000000000000000000e+00
2.403282532239156000e-01,1.666666666666666574e-01,0.000000000000000000e+00
2.409144196951934214e-01,3.333333333333333148e-01,0.000000000000000000e+00
2.409144196951934214e-01,2.083333333333333426e-01,0.000000000000000000e+00
2.403282532239156000e-01,2.500000000000000000e-01,0.000000000000000000e+00
2.397420867526377508e-01,2.500000000000000000e-01,0.000000000000000000e+00
2.391559202813599017e-01,8.333333333333332871e-02,3.000000000000000000e+00
2.391559202813599017e-01,1.250000000000000000e-01,0.000000000000000000e+00
2.391559202813599017e-01,0.000000000000000000e+00,3.000000000000000000e+00
2.391559202813599017e-01,1.250000000000000000e-01,0.000000000000000000e+00
2.391559202813599017e-01,4.166666666666666435e-02,3.000000000000000000e+00
2.385697538100820525e-01,8.333333333333332871e-02,3.000000000000000000e+00
2.385697538100820525e-01,1.250000000000000000e-01,0.000000000000000000e+00
2.379835873388042311e-01,1.666666666666666574e-01,0.000000000000000000e+00
2.385697538100820525e-01,4.166666666666666435e-02,3.000000000000000000e+00
2.391559202813599017e-01,2.916666666666666852e-01,0.000000000000000000e+00
2.397420867526377508e-01,1.250000000000000000e-01,0.000000000000000000e+00
2.397420867526377508e-01,2.083333333333333426e-01,0.000000000000000000e+00
2.391559202813599017e-01,2.500000000000000000e-01,0.000000000000000000e+00
2.391559202813599017e-01,1.666666666666666574e-01,0.000000000000000000e+00
2.379835873388042311e-01,2.083333333333333426e-01,0.000000000000000000e+00
2.379835873388042311e-01,8.333333333333332871e-02,3.000000000000000000e+00
2.379835873388042311e-01,1.250000000000000000e-01,0.000000000000000000e+00
2.379835873388042311e-01,4.166666666666666435e-02,3.000000000000000000e+00
2.379835873388042311e-01,1.666666666666666574e-01,0.000000000000000000e+00
2.379835873388042311e-01,1.666666666666666574e-01,0.000000000000000000e+00
2.379835873388042311e-01,2.500000000000000000e-01,0.000000000000000000e+00
2.379835873388042311e-01,1.666666666666666574e-01,0.000000000000000000e+00
2.385697538100820525e-01,2.083333333333333426e-01,0.000000000000000000e+00
2.385697538100820525e-01,8.333333333333332871e-02,3.000000000000000000e+00
2.379835873388042311e-01,0.000000000000000000e+00,3.000000000000000000e+00
2.373974208675263819e-01,1.666666666666666574e-01,0.000000000000000000e+00
2.368112543962485328e-01,4.166666666666666435e-02,3.000000000000000000e+00
2.373974208675263819e-01,2.083333333333333426e-01,0.000000000000000000e+00
2.368112543962485328e-01,2.500000000000000000e-01,0.000000000000000000e+00
2.368112543962485328e-01,1.250000000000000000e-01,0.000000000000000000e+00
2.373974208675263819e-01,4.166666666666666435e-02,3.000000000000000000e+00
2.373974208675263819e-01,1.666666666666666574e-01,0.000000000000000000e+00
2.373974208675263819e-01,1.666666666666666574e-01,0.000000000000000000e+00
2.373974208675263819e-01,1.250000000000000000e-01,0.000000000000000000e+00
2.368112543962485328e-01,2.083333333333333426e-01,0.000000000000000000e+00
2.368112543962485328e-01,4.166666666666666435e-02,3.000000000000000000e+00
2.368112543962485328e-01,0.000000000000000000e+00,3.000000000000000000e+00
2.368112543962485328e-01,0.000000000000000000e+00,3.000000000000000000e+00
2.373974208675263819e-01,0.000000000000000000e+00,3.000000000000000000e+00
2.373974208675263819e-01,0.000000000000000000e+00,3.000000000000000000e+00
2.368112543962485328e-01,0.000000000000000000e+00,3.000000000000000000e+00
2.362250879249706836e-01,0.000000000000000000e+00,3.000000000000000000e+00
2.362250879249706836e-01,0.000000000000000000e+00,3.000000000000000000e+00
2.362250879249706836e-01,0.000000000000000000e+00,3.000000000000000000e+00
2.368112543962485328e-01,0.000000000000000000e+00,3.000000000000000000e+00
2.368112543962485328e-01,0.000000000000000000e+00,3.000000000000000000e+00
2.362250879249706836e-01,0.000000000000000000e+00,3.000000000000000000e+00
2.362250879249706836e-01,0.000000000000000000e+00,3.000000000000000000e+00
2.362250879249706836e-01,0.000000000000000000e+00,3.000000000000000000e+00
2.362250879249706836e-01,0.000000000000000000e+00,3.000000000000000000e+00
2.356389214536928622e-01,0.000000000000000000e+00,3.000000000000000000e+00
2.356389214536928622e-01,0.000000000000000000e+00,3.000000000000000000e+00
2.356389214536928622e-01,0.000000000000000000e+00,3.000000000000000000e+00
2.362250879249706836e-01,0.000000000000000000e+00,3.000000000000000000e+00
2.356389214536928622e-01,0.000000000000000000e+00,3.000000000000000000e+00
2.368112543962485328e-01,0.000000000000000000e+00,3.000000000000000000e+00
2.373974208675263819e-01,0.000000000000000000e+00,3.000000000000000000e+00
2.362250879249706836e-01,0.000000000000000000e+00,3.000000000000000000e+00
2.368112543962485328e-01,0.000000000000000000e+00,3.000000000000000000e+00
2.368112543962485328e-01,0.000000000000000000e+00,3.000000000000000000e+00
2.368112543962485328e-01,0.000000000000000000e+00,3.000000000000000000e+00
2.368112543962485328e-01,0.000000000000000000e+00,3.000000000000000000e+00
2.362250879249706836e-01,0.000000000000000000e+00,3.000000000000000000e+00
2.368112543962485328e-01,0.000000000000000000e+00,3.000000000000000000e+00
2.362250879249706836e-01,0.000000000000000000e+00,3.000000000000000000e+00
2.362250879249706836e-01,0.000000000000000000e+00,3.000000000000000000e+00
2.362250879249706836e-01,0.000000000000000000e+00,3.000000000000000000e+00
2.362250879249706836e-01,0.000000000000000000e+00,3.000000000000000000e+00
2.362250879249706836e-01,0.000000000000000000e+00,3.000000000000000000e+00
2.362250879249706836e-01,0.000000000000000000e+00,3.000000000000000000e+00
2.362250879249706836e-01,0.000000000000000000e+00,3.000000000000000000e+00
2.368112543962485328e-01,0.000000000000000000e+00,3.000000000000000000e+00
2.373974208675263819e-01,0.000000000000000000e+00,3.000000000000000000e+00
2.368112543962485328e-01,0.000000000000000000e+00,3.000000000000000000e+00
2.373974208675263819e-01,0.000000000000000000e+00,3.000000000000000000e+00
2.373974208675263819e-01,0.000000000000000000e+00,3.000000000000000000e+00
2.373974208675263819e-01,0.000000000000000000e+00,3.000000000000000000e+00
2.373974208675263819e-01,0.000000000000000000e+00,3.000000000000000000e+00
2.373974208675263819e-01,0.000000000000000000e+00,3.000000000000000000e+00
2.379835873388042311e-01,0.000000000000000000e+00,3.000000000000000000e+00
2.373974208675263819e-01,0.000000000000000000e+00,3.000000000000000000e+00
2.373974208675263819e-01,0.000000000000000000e+00,3.000000000000000000e+00
2.379835873388042311e-01,0.000000000000000000e+00,3.000000000000000000e+00
2.373974208675263819e-01,0.000000000000000000e+00,3.000000000000000000e+00
2.373974208675263819e-01,0.000000000000000000e+00,3.000000000000000000e+00
2.379835873388042311e-01,0.000000000000000000e+00,3.000000000000000000e+00
2.385697538100820525e-01,0.000000000000000000e+00,3.000000000000000000e+00
2.385697538100820525e-01,0.000000000000000000e+00,3.000000000000000000e+00
2.385697538100820525e-01,0.000000000000000000e+00,3.000000000000000000e+00
2.385697538100820525e-01,0.000000000000000000e+00,3.000000000000000000e+00
2.385697538100820525e-01,0.000000000000000000e+00,3.000000000000000000e+00
2.385697538100820525e-01,0.000000000000000000e+00,3.000000000000000000e+00
2.379835873388042311e-01,0.000000000000000000e+00,3.000000000000000000e+00
2.379835873388042311e-01,4.166666666666666435e-02,3.000000000000000000e+00
2.379835873388042311e-01,2.083333333333333426e-01,0.000000000000000000e+00
2.385697538100820525e-01,4.166666666666666435e-02,3.000000000000000000e+00
2.385697538100820525e-01,1.250000000000000000e-01,0.000000000000000000e+00
2.385697538100820525e-01,8.333333333333332871e-02,3.000000000000000000e+00
2.391559202813599017e-01,1.250000000000000000e-01,0.000000000000000000e+00
2.385697538100820525e-01,4.166666666666666435e-02,3.000000000000000000e+00
2.391559202813599017e-01,1.666666666666666574e-01,0.000000000000000000e+00
2.397420867526377508e-01,2.083333333333333426e-01,0.000000000000000000e+00
2.397420867526377508e-01,4.166666666666666435e-02,3.000000000000000000e+00
2.397420867526377508e-01,8.333333333333332871e-02,3.000000000000000000e+00
2.397420867526377508e-01,8.333333333333332871e-02,3.000000000000000000e+00
2.397420867526377508e-01,0.000000000000000000e+00,3.000000000000000000e+00
2.397420867526377508e-01,0.000000000000000000e+00,3.000000000000000000e+00
2.397420867526377508e-01,0.000000000000000000e+00,3.000000000000000000e+00
2.397420867526377508e-01,0.000000000000000000e+00,3.000000000000000000e+00
2.403282532239156000e-01,0.000000000000000000e+00,3.000000000000000000e+00
2.397420867526377508e-01,0.000000000000000000e+00,3.000000000000000000e+00
2.397420867526377508e-01,0.000000000000000000e+00,3.000000000000000000e+00
2.397420867526377508e-01,0.000000000000000000e+00,3.000000000000000000e+00
2.403282532239156000e-01,0.000000000000000000e+00,3.000000000000000000e+00
2.403282532239156000e-01,0.000000000000000000e+00,3.000000000000000000e+00
2.397420867526377508e-01,0.000000000000000000e+00,3.000000000000000000e+00
2.397420867526377508e-01,0.000000000000000000e+00,3.000000000000000000e+00
2.403282532239156000e-01,0.000000000000000000e+00,3.000000000000000000e+00
2.403282532239156000e-01,0.000000000000000000e+00,3.000000000000000000e+00
2.403282532239156000e-01,0.000000000000000000e+00,3.000000000000000000e+00
2.397420867526377508e-01,0.000000000000000000e+00,3.000000000000000000e+00
2.397420867526377508e-01,0.000000000000000000e+00,3.000000000000000000e+00
2.397420867526377508e-01,0.000000000000000000e+00,3.000000000000000000e+00
2.403282532239156000e-01,0.000000000000000000e+00,3.000000000000000000e+00
2.415005861664712705e-01,0.000000000000000000e+00,3.000000000000000000e+00
2.426729191090269688e-01,0.000000000000000000e+00,3.000000000000000000e+00
2.415005861664712705e-01,0.000000000000000000e+00,3.000000000000000000e+00
2.415005861664712705e-01,0.000000000000000000e+00,3.000000000000000000e+00
2.415005861664712705e-01,0.000000000000000000e+00,3.000000000000000000e+00
2.409144196951934214e-01,0.000000000000000000e+00,3.000000000000000000e+00
2.409144196951934214e-01,0.000000000000000000e+00,3.000000000000000000e+00
2.403282532239156000e-01,0.000000000000000000e+00,3.000000000000000000e+00
2.397420867526377508e-01,0.000000000000000000e+00,3.000000000000000000e+00
2.397420867526377508e-01,0.000000000000000000e+00,3.000000000000000000e+00
2.391559202813599017e-01,0.000000000000000000e+00,3.000000000000000000e+00
2.391559202813599017e-01,0.000000000000000000e+00,3.000000000000000000e+00
2.397420867526377508e-01,0.000000000000000000e+00,3.000000000000000000e+00
2.397420867526377508e-01,0.000000000000000000e+00,3.000000000000000000e+00
2.397420867526377508e-01,0.000000000000000000e+00,3.000000000000000000e+00
2.397420867526377508e-01,0.000000000000000000e+00,3.000000000000000000e+00
2.403282532239156000e-01,0.000000000000000000e+00,3.000000000000000000e+00
2.397420867526377508e-01,0.000000000000000000e+00,3.000000000000000000e+00
2.397420867526377508e-01,0.000000000000000000e+00,3.000000000000000000e+00
2.403282532239156000e-01,0.000000000000000000e+00,3.000000000000000000e+00
2.403282532239156000e-01,0.000000000000000000e+00,3.000000000000000000e+00
2.403282532239156000e-01,0.000000000000000000e+00,3.000000000000000000e+00
2.409144196951934214e-01,0.000000000000000000e+00,3.000000000000000000e+00
2.409144196951934214e-01,0.000000000000000000e+00,3.000000000000000000e+00
2.409144196951934214e-01,0.000000000000000000e+00,3.000000000000000000e+00
2.409144196951934214e-01,0.000000000000000000e+00,3.000000000000000000e+00
2.415005861664712705e-01,0.000000000000000000e+00,3.000000000000000000e+00
2.403282532239156000e-01,0.000000000000000000e+00,3.000000000000000000e+00
2.409144196951934214e-01,0.000000000000000000e+00,3.000000000000000000e+00
2.403282532239156000e-01,0.000000000000000000e+00,3.000000000000000000e+00
2.403282532239156000e-01,0.000000000000000000e+00,3.000000000000000000e+00
2.403282532239156000e-01,0.000000000000000000e+00,3.000000000000000000e+00
2.409144196951934214e-01,0.000000000000000000e+00,3.000000000000000000e+00
2.415005861664712705e-01,0.000000000000000000e+00,3.000000000000000000e+00
2.409144196951934214e-01,1.250000000000000000e-01,0.000000000000000000e+00
2.415005861664712705e-01,1.666666666666666574e-01,0.000000000000000000e+00
2.409144196951934214e-01,1.666666666666666574e-01,0.000000000000000000e+00
2.409144196951934214e-01,1.666666666666666574e-01,0.000000000000000000e+00
2.409144196951934214e-01,1.250000000000000000e-01,0.000000000000000000e+00
2.409144196951934214e-01,8.333333333333332871e-02,3.000000000000000000e+00
2.409144196951934214e-01,1.666666666666666574e-01,0.000000000000000000e+00
2.409144196951934214e-01,8.333333333333332871e-02,3.000000000000000000e+00
2.409144196951934214e-01,1.666666666666666574e-01,0.000000000000000000e+00
2.409144196951934214e-01,1.666666666666666574e-01,0.000000000000000000e+00
2.409144196951934214e-01,1.666666666666666574e-01,0.000000000000000000e+00
2.409144196951934214e-01,8.333333333333332871e-02,3.000000000000000000e+00
2.409144196951934214e-01,1.250000000000000000e-01,0.000000000000000000e+00
2.409144196951934214e-01,4.166666666666666435e-02,3.000000000000000000e+00
2.426729191090269688e-01,1.250000000000000000e-01,0.000000000000000000e+00
2.420867526377491197e-01,8.333333333333332871e-02,3.000000000000000000e+00
2.420867526377491197e-01,2.083333333333333426e-01,0.000000000000000000e+00
2.420867526377491197e-01,2.083333333333333426e-01,0.000000000000000000e+00
2.415005861664712705e-01,2.916666666666666852e-01,0.000000000000000000e+00
2.426729191090269688e-01,4.166666666666666435e-02,3.000000000000000000e+00
2.426729191090269688e-01,2.500000000000000000e-01,0.000000000000000000e+00
2.426729191090269688e-01,0.000000000000000000e+00,3.000000000000000000e+00
2.426729191090269688e-01,0.000000000000000000e+00,3.000000000000000000e+00
2.426729191090269688e-01,4.166666666666666435e-02,3.000000000000000000e+00
2.420867526377491197e-01,0.000000000000000000e+00,3.000000000000000000e+00
2.420867526377491197e-01,0.000000000000000000e+00,3.000000000000000000e+00
2.420867526377491197e-01,4.166666666666666435e-02,3.000000000000000000e+00
2.426729191090269688e-01,0.000000000000000000e+00,3.000000000000000000e+00
2.432590855803048180e-01,0.000000000000000000e+00,3.000000000000000000e+00
2.432590855803048180e-01,4.166666666666666435e-02,3.000000000000000000e+00
2.432590855803048180e-01,0.000000000000000000e+00,3.000000000000000000e+00
2.432590855803048180e-01,0.000000000000000000e+00,3.000000000000000000e+00
2.432590855803048180e-01,8.333333333333332871e-02,3.000000000000000000e+00
2.432590855803048180e-01,8.333333333333332871e-02,3.000000000000000000e+00
2.438452520515826394e-01,2.083333333333333426e-01,0.000000000000000000e+00
2.461899179366940082e-01,8.333333333333332871e-02,3.000000000000000000e+00
2.461899179366940082e-01,1.666666666666666574e-01,0.000000000000000000e+00
2.461899179366940082e-01,8.333333333333332871e-02,3.000000000000000000e+00
2.461899179366940082e-01,2.500000000000000000e-01,0.000000000000000000e+00
2.461899179366940082e-01,4.166666666666666852e-01,0.000000000000000000e+00
2.543962485345838132e-01,4.583333333333333148e-01,0.000000000000000000e+00
4.021101992966002459e-01,8.333333333333333703e-01,2.000000000000000000e+00
4.396248534583822032e-01,9.166666666666666297e-01,2.000000000000000000e+00
4.355216881594372591e-01,7.916666666666666297e-01,2.000000000000000000e+00
4.249706916764360853e-01,4.166666666666666852e-01,1.000000000000000000e+00
4.091441969519343247e-01,7.083333333333333703e-01,2.000000000000000000e+00
4.003516998827666984e-01,2.083333333333333426e-01,1.000000000000000000e+00
4.056271981242672853e-01,2.500000000000000000e-01,1.000000000000000000e+00
4.126611957796014196e-01,2.500000000000000000e-01,1.000000000000000000e+00
4.167643610785463082e-01,3.750000000000000000e-01,1.000000000000000000e+00
4.109026963657678722e-01,8.333333333333332871e-02,1.000000000000000000e+00
4.114888628370457213e-01,2.083333333333333426e-01,1.000000000000000000e+00
4.237983587338804425e-01,2.916666666666666852e-01,1.000000000000000000e+00
4.337631887456037671e-01,3.750000000000000000e-01,1.000000000000000000e+00
4.320046893317702197e-01,3.750000000000000000e-01,1.000000000000000000e+00
4.067995310668229836e-01,5.416666666666666297e-01,2.000000000000000000e+00
3.997655334114888492e-01,2.083333333333333426e-01,1.000000000000000000e+00
3.845252051582649377e-01,5.000000000000000000e-01,0.000000000000000000e+00
3.669402110199296851e-01,5.000000000000000000e-01,0.000000000000000000e+00
3.493552168815943770e-01,0.000000000000000000e+00,1.000000000000000000e+00
3.311840562719812198e-01,1.250000000000000000e-01,1.000000000000000000e+00
3.112543962485345705e-01,2.083333333333333426e-01,0.000000000000000000e+00
2.989449003516999048e-01,1.666666666666666574e-01,0.000000000000000000e+00
2.860492379835873344e-01,1.666666666666666574e-01,0.000000000000000000e+00
2.819460726846424459e-01,2.083333333333333426e-01,0.000000000000000000e+00
3.335287221570926164e-01,5.000000000000000000e-01,0.000000000000000000e+00
3.358733880422040130e-01,5.416666666666666297e-01,2.000000000000000000e+00
3.622508792497068919e-01,7.083333333333333703e-01,2.000000000000000000e+00
4.941383352872215640e-01,6.250000000000000000e-01,2.000000000000000000e+00
5.679953106682297248e-01,8.333333333333333703e-01,2.000000000000000000e+00
7.327080890973036720e-01,6.250000000000000000e-01,4.000000000000000000e+00
8.845252051582649377e-01,5.416666666666666297e-01,4.000000000000000000e+00
5.762016412661196130e-01,4.583333333333333148e-01,4.000000000000000000e+00
3.716295427901524229e-01,6.250000000000000000e-01,2.000000000000000000e+00
3.370457209847596558e-01,3.333333333333333148e-01,0.000000000000000000e+00
3.188745603751465540e-01,5.000000000000000000e-01,0.000000000000000000e+00
3.604923798358734000e-01,7.916666666666666297e-01,2.000000000000000000e+00
3.493552168815943770e-01,7.500000000000000000e-01,2.000000000000000000e+00
3.610785463071512491e-01,6.250000000000000000e-01,2.000000000000000000e+00
3.604923798358734000e-01,4.583333333333333148e-01,0.000000000000000000e+00
3.686987104337631771e-01,8.750000000000000000e-01,2.000000000000000000e+00
4.009378663540445475e-01,1.000000000000000000e+00,2.000000000000000000e+00
3.534583821805392656e-01,6.250000000000000000e-01,2.000000000000000000e+00
3.399765533411489016e-01,9.166666666666666297e-01,2.000000000000000000e+00
5.357561547479484654e-01,7.083333333333333703e-01,2.000000000000000000e+00
5.357561547479484654e-01,7.500000000000000000e-01,2.000000000000000000e+00
5.123094958968347212e-01,2.916666666666666852e-01,1.000000000000000000e+00
4.941383352872215640e-01,1.666666666666666574e-01,1.000000000000000000e+00
4.783118405627198033e-01,8.333333333333332871e-02,1.000000000000000000e+00
4.660023446658851376e-01,4.166666666666666435e-02,1.000000000000000000e+00
3.769050410316530098e-01,2.916666666666666852e-01,1.000000000000000000e+00
3.751465416178194623e-01,1.666666666666666574e-01,1.000000000000000000e+00
3.745603751465416131e-01,8.333333333333332871e-02,1.000000000000000000e+00
3.728018757327080657e-01,0.000000000000000000e+00,1.000000000000000000e+00
3.722157092614302720e-01,1.250000000000000000e-01,1.000000000000000000e+00
5.386869871043376001e-01,4.166666666666666852e-01,4.000000000000000000e+00
6.113716295427901182e-01,2.083333333333333426e-01,1.000000000000000000e+00
7.338804220398593703e-01,5.416666666666666297e-01,4.000000000000000000e+00
8.071512309495897375e-01,1.666666666666666574e-01,1.000000000000000000e+00
5.932004689331770164e-01,2.083333333333333426e-01,1.000000000000000000e+00
5.263774912075028789e-01,0.000000000000000000e+00,1.000000000000000000e+00
5.246189917936694425e-01,6.666666666666666297e-01,2.000000000000000000e+00
